22748	0
22504	0
5259	0
23991	0
26130	0
22466	3
19711	0
19710	0
22463	0
22462	0
9389	0
25852	0
4027	2
7109	1
22507	0
4023	2
165	0
23441	1
19495	2
13864	0
17297	0
19325	0
17290	0
10897	0
10896	0
10895	0
17291	1
24713	0
345	3
7515	0
8807	0
19159	0
11427	1
3999	0
7510	0
22269	0
3996	0
24718	3
348	0
19150	0
3990	1
25062	0
6356	0
25060	1
16070	0
16675	0
16674	0
16676	0
21608	0
23648	0
19378	0
11403	0
12701	2
12703	0
6154	0
12704	0
6156	1
6158	0
6159	1
10967	0
10966	0
13600	0
16041	0
6350	0
6971	1
23841	0
2316	0
6351	0
10969	0
11878	0
25664	0
25667	1
25660	1
5851	0
25662	0
299	0
17503	0
294	0
25668	0
3681	0
6726	0
3773	0
17655	13
16498	0
25289	0
25286	2
13096	2
4021	0
272	0
17389	0
16708	0
19974	1
17382	0
25114	0
16258	1
25112	0
16703	0
25111	0
10842	0
22487	0
8208	1
22483	0
26127	1
12017	0
12016	1
22489	2
26159	0
15528	1
179	1
4431	1
19573	1
25597	0
25595	1
16389	1
17251	0
17252	0
7882	0
7885	0
22980	0
19578	0
15205	0
19015	1
17038	1
17039	0
2449	0
17237	0
9522	0
2117	0
10898	0
7863	0
18183	0
24885	0
22900	0
21614	0
22903	1
106	0
2516	0
21613	0
15200	0
16819	0
17874	0
2044	0
2042	1
19012	0
11121	0
9432	0
4819	0
5826	0
16817	2
11631	0
26023	0
11617	0
21293	0
26020	0
11612	3
11613	1
11610	1
9417	0
10637	0
9419	0
12122	0
6375	1
6376	0
21928	0
10412	0
8231	0
20150	0
18453	1
15209	0
11944	0
18344	0
18457	1
2621	0
18455	0
15208	0
9639	0
22876	0
19170	0
10383	0
17729	0
10381	1
17724	1
20155	0
9634	0
17721	1
9325	0
16921	1
10002	0
16922	0
7265	0
7264	1
3511	0
19110	0
3516	0
21727	1
12235	0
24870	0
22265	0
6266	0
19207	0
1436	0
14627	0
14620	0
7511	0
6808	0
15718	0
6806	0
6807	0
6804	0
3998	0
14628	0
15712	0
98	0
10561	0
5404	0
10564	0
20414	0
93	0
95	0
547	0
97	0
3207	0
3206	0
1621	0
1620	0
1995	2
10096	3
1997	2
21432	2
9937	0
18723	0
2073	0
24159	1
21438	0
3209	1
3532	0
18920	0
13056	0
18924	0
11664	0
12940	0
1376	0
22815	0
17750	0
11828	0
14710	1
14711	0
15669	0
15668	0
17828	1
15663	0
17825	0
17824	0
15667	0
17822	0
17821	0
15664	0
20258	0
5057	0
19014	1
15641	1
18746	0
20253	0
20250	0
10679	0
20257	0
7072	1
3345	1
18634	0
18633	1
5052	2
9189	0
11662	0
12491	1
4258	1
15917	0
12492	0
15911	0
1172	0
23509	0
12496	9
12498	0
4252	0
23503	0
4254	0
5533	0
16900	0
6576	0
17470	0
510	0
18141	0
18140	0
18143	0
18142	0
18145	0
18144	0
1281	0
1280	1
17126	0
17755	0
8725	0
7536	1
2340	1
16129	0
14403	1
7188	2
22953	1
10500	0
8307	0
14372	0
8726	2
8768	2
13834	0
4189	0
25596	0
13837	0
13831	1
13832	0
23555	1
16881	2
8386	0
4262	0
8087	0
16576	0
8549	0
11418	0
22000	0
8547	0
7204	1
8541	0
23616	0
23614	1
24878	0
24412	0
7452	0
4266	0
7450	0
6575	0
4383	0
4382	0
4380	1
5622	0
5621	2
25346	9
25948	0
1373	0
1375	1
16570	0
23299	0
23298	0
23297	0
25940	0
23293	13
409	0
408	0
23477	0
23476	0
628	0
23471	0
23470	3
1344	0
23306	0
3839	0
22476	0
5995	0
24133	0
4033	0
4032	0
10880	0
10881	0
5993	0
4036	0
11577	0
4038	0
24957	0
11572	0
11379	0
19380	0
13604	0
5661	0
19781	0
11372	2
7522	1
7523	0
5078	0
6535	0
24708	0
7524	0
19149	1
19146	0
24705	0
22278	0
372	0
375	0
6503	0
19140	1
376	0
25729	0
15553	0
25059	1
25057	0
25056	0
22129	0
25053	3
5067	0
25050	0
12712	0
392	1
12710	1
396	0
2334	0
2309	0
23870	0
13619	0
19301	0
13614	1
13615	0
4727	0
20383	0
20116	1
5960	0
2307	0
2306	0
25611	0
16065	0
23424	0
19707	0
25615	0
23084	0
5840	0
18772	0
11280	0
15413	0
11285	0
11284	1
5849	0
5848	0
24733	0
3748	0
17626	0
16486	0
7888	0
16484	0
16485	0
16482	0
3743	0
15846	1
245	0
244	0
920	0
4624	0
4625	1
1090	0
16719	1
19964	0
16717	0
25435	1
19961	5
25125	0
25436	1
26141	1
22493	0
9763	0
12213	0
11152	0
23233	0
9760	0
9715	0
293	0
19560	0
16393	0
19562	0
11591	0
11593	0
7718	0
19568	0
19569	0
10463	0
9249	0
20886	0
7046	1
20884	0
2459	0
9764	0
21100	1
9241	0
2457	0
2451	0
2450	0
11011	1
25545	0
7853	0
17280	0
25541	0
17538	0
17285	0
7855	0
19911	0
21848	0
17289	0
17536	1
13283	0
13282	0
13031	0
23146	0
9769	1
2055	0
2054	0
17388	0
2059	0
16803	0
16800	0
4825	0
4822	0
21930	0
16495	1
11621	0
21281	17
26038	1
7985	2
25287	0
10620	0
12130	0
10623	0
6364	0
9335	0
10153	1
9337	0
21663	0
10406	1
1608	0
14384	0
20086	0
10158	0
20084	0
9338	0
21665	0
10390	1
10391	0
9629	0
3547	2
3522	0
3553	0
23151	0
20645	0
20644	1
20647	1
192	2
20641	1
17754	0
16937	0
13199	1
16935	1
16932	0
23687	1
16931	0
15642	0
23154	0
13191	0
13190	0
13196	3
19221	0
14369	0
4656	0
8801	0
10711	2
8037	0
1976	0
10719	0
6219	0
6218	0
15708	0
3878	0
8395	0
14652	0
2303	1
14870	0
14872	0
6810	0
6813	0
6815	0
8374	0
15706	0
25116	0
9755	2
14094	0
14093	1
14090	0
20391	0
19870	0
9759	0
9758	0
7324	2
13276	4
5490	0
19978	0
1968	0
1969	0
24140	0
13060	0
5194	0
1966	0
3239	0
10081	0
24148	1
24149	0
18444	0
18445	0
18447	0
25442	0
18443	1
17385	2
12248	0
26157	0
2870	0
2877	0
18719	3
3744	0
2879	0
15678	1
20261	0
7883	0
3989	0
17131	0
20065	0
20064	0
800	0
5668	0
26098	0
7069	1
20062	0
11968	0
5441	0
5602	0
5446	0
5445	0
5444	0
18621	0
18622	0
18623	0
18624	0
18625	0
18626	0
18628	0
21190	0
5364	0
5228	0
1765	0
15907	0
6963	4
15905	0
8628	0
15455	0
15457	0
7483	0
23511	2
8626	0
1149	1
23514	0
8153	0
8150	1
8151	0
8475	1
18158	0
18159	0
8474	0
24559	0
5505	1
18156	1
5503	0
18154	0
16314	0
1545	0
12927	1
17468	0
11442	0
23727	0
11113	0
11112	0
11114	1
24398	1
8710	1
543	0
546	0
8715	0
12928	2
8718	0
8719	0
13802	1
7197	0
21303	0
7194	0
12473	0
19941	0
23094	0
13847	0
2386	0
13	0
17587	0
14600	0
17250	0
19521	0
15166	1
9988	0
9986	1
9987	0
9984	0
1787	0
8534	1
9983	0
9980	0
7563	0
6337	0
7442	3
14500	0
7447	0
7446	0
7449	0
3067	0
12660	0
414	0
8185	0
25958	0
25959	0
410	0
24101	0
17994	0
1386	0
25957	0
7689	0
1383	0
3827	0
3826	0
3825	0
19109	1
23464	0
23465	0
3821	0
2443	0
20031	0
10638	0
23266	0
23267	0
23264	0
8441	0
8442	0
8443	0
11561	1
22393	1
11563	0
22395	1
22394	0
11566	0
22644	0
5608	0
4283	0
13990	0
4286	0
19340	0
10252	0
13999	0
4289	0
17999	0
19179	0
5478	0
14840	0
369	0
17346	1
22246	0
22245	0
365	0
22242	0
7533	3
25661	0
20379	0
19351	0
9255	0
22023	1
16128	0
19355	0
128	0
16124	0
19607	0
16654	0
8625	1
16123	1
22028	0
380	0
10186	0
385	1
6179	11
6176	0
6175	0
6172	0
12722	0
14985	0
12720	0
4759	0
6774	4
23866	1
10986	0
4755	1
10983	1
23863	0
9964	0
16010	2
16013	0
25601	0
24601	1
25607	0
9962	0
364	0
17461	0
11293	1
21203	0
25609	1
9968	0
1074	0
16955	1
20035	0
25136	0
1075	1
24959	0
7861	0
24955	16
3750	0
21125	1
3752	0
25138	0
25139	0
2190	0
4632	1
13520	1
2193	0
13526	0
4635	0
22734	0
252	0
16722	1
13528	0
13529	0
16235	0
16726	0
254	0
2200	0
2201	0
2202	0
2203	1
11746	0
3772	0
21206	0
25649	0
9486	0
12295	0
17137	0
22729	0
21205	0
18581	0
16505	0
21389	0
20893	0
9488	0
2047	0
2420	0
18388	0
21386	0
9504	0
17076	0
25557	0
16835	0
16834	0
22119	0
16831	0
16830	0
17294	0
7844	1
13292	0
21630	0
16349	0
16348	1
21635	0
2043	0
12107	0
12106	0
6354	0
6355	0
1551	0
12101	0
23836	0
3683	0
3682	0
4525	0
4814	0
4835	0
4834	0
3685	0
3684	0
4422	0
7991	0
13653	1
11638	0
9439	1
2515	0
7999	0
26042	0
11630	1
2511	0
2512	0
13558	0
9616	1
9341	1
1840	0
6628	1
12423	3
12618	0
10163	0
10162	1
9618	0
21707	2
6626	0
9184	0
22811	0
22816	0
5059	0
23240	0
22527	3
5055	0
17740	0
4425	0
17746	1
9188	0
21708	0
21927	1
7209	0
1817	0
6944	0
16906	0
26022	0
13291	0
11528	0
1818	0
7206	0
14886	0
12679	2
6222	1
12212	0
10763	0
10762	3
10765	1
6073	0
6229	1
7857	1
19143	0
373	0
14864	1
14865	0
18549	0
14647	1
18895	0
18894	9
1107	1
18544	0
14648	0
11611	1
22726	0
18540	0
18543	1
14869	1
2165	0
20478	1
20479	0
8147	0
2926	0
9765	0
10501	0
14089	0
24402	0
9483	0
13422	0
18941	0
18940	2
18943	0
18942	0
3228	0
18946	2
1600	0
6579	0
1606	0
11964	0
11965	0
11967	0
11991	1
21929	1
4555	0
8851	0
4554	0
8857	1
11969	0
14130	0
8854	1
15600	0
18098	0
2848	0
2846	1
15608	0
18091	0
18097	0
18764	0
18095	0
18094	0
4756	0
3323	0
10211	1
14265	3
14131	1
25250	0
5479	0
13319	1
7058	0
1776	0
20526	0
10183	0
24734	0
7053	0
7050	0
320	0
20078	0
7055	0
20528	0
10148	2
9890	0
9026	0
18383	0
14132	1
18381	0
15933	1
8148	0
15931	0
19443	1
9892	0
15935	0
18160	0
1154	0
1157	0
15938	0
1151	0
1150	0
1153	0
8630	0
18365	0
914	1
11109	0
17393	1
19469	0
5511	1
5510	0
18454	0
17992	0
17997	1
1550	1
11108	0
1552	0
24385	0
17991	0
17990	1
11102	0
2991	0
25891	0
3037	0
11107	0
3032	0
3033	0
3034	0
8701	0
8705	0
15596	0
19064	1
21660	0
8708	0
21333	0
12262	0
23673	0
2993	0
8031	0
1908	0
19257	0
1010	1
13859	0
19922	1
25896	0
5605	2
9630	0
5606	0
5601	0
7601	1
20883	0
24129	0
12851	5
19924	0
9993	0
12852	0
12587	0
9994	0
17599	0
11037	0
11034	0
11035	0
14512	3
25962	1
11030	0
8702	0
866	1
6512	0
19927	0
22879	0
19551	0
5131	0
10388	0
19881	0
3812	0
3811	0
3814	0
3818	0
3819	0
3074	0
3450	0
19554	0
8457	0
23708	1
22382	0
22381	0
8458	0
19164	1
16590	0
9831	0
6427	0
19161	0
12453	0
25866	1
19168	1
4290	0
4293	0
23383	0
23382	3
23385	0
23387	0
2075	0
24762	0
7541	0
7542	0
22253	0
22254	0
21723	0
7546	1
24765	0
16648	0
16649	1
22032	0
8669	0
16640	0
16643	0
19612	0
19613	0
16131	2
12739	0
8036	0
10432	0
6161	1
6160	0
25176	0
12733	0
12735	0
23674	0
4748	2
19297	0
4743	2
23810	0
23812	0
13677	0
10990	0
10991	0
24616	0
24617	0
24614	0
9974	0
16006	1
22744	0
25631	0
5862	0
19572	0
25143	1
17359	1
13624	0
21130	1
21131	0
24944	0
19932	1
17603	0
24943	0
25419	0
17600	1
25387	0
2182	2
19909	1
25383	1
25382	0
2185	0
2184	0
19903	1
19900	1
22727	1
22720	0
22721	1
22722	0
25388	0
2212	8
1427	1
2532	0
2215	0
22730	0
4713	0
8680	0
19509	0
12763	0
6904	0
11792	1
19586	0
6455	0
19585	0
23909	0
19580	1
19581	0
5477	0
21621	0
21623	0
10677	0
20716	3
4630	0
6456	0
21629	0
10468	0
16820	0
8134	0
16823	0
16352	0
16353	0
25565	0
5767	0
25569	1
16358	0
14621	0
12110	0
6340	0
13469	0
8520	0
25095	0
25094	1
4512	0
4513	12
4511	9
4515	0
15717	0
16265	0
6184	0
6183	0
12411	0
11641	0
11640	0
2505	0
26051	1
2503	0
15715	0
2501	1
9426	0
10178	0
15714	1
2720	1
6838	0
5287	1
17778	1
16940	1
17174	0
21712	1
20668	0
9649	0
9194	0
17173	0
17172	1
21718	0
22826	0
20660	0
20667	0
17178	1
11141	0
22961	0
17936	0
25496	0
15181	1
9514	0
9517	1
9511	3
21391	0
25043	0
14149	0
5938	0
9518	1
15847	0
20002	0
20915	0
20914	0
6513	0
11829	0
20553	0
18558	0
14854	1
18884	0
11824	0
13068	0
20552	0
11821	0
11820	0
11823	0
11822	0
10519	0
14079	0
14078	1
9130	0
17575	0
4954	0
15189	0
11842	0
10517	0
9773	2
18952	1
14983	0
14982	1
8862	1
7307	0
4000	0
21404	1
9021	0
21407	0
24160	2
21401	0
8868	0
24163	0
11911	0
11910	0
20170	0
9023	0
15316	1
11919	0
811	1
19147	0
5056	0
5182	0
18778	0
15616	1
15617	1
15614	1
17827	0
2851	0
12938	0
2852	0
1024	0
17440	0
3718	0
7045	0
17293	0
5181	0
4712	0
5464	1
22147	0
7042	0
1498	0
1499	0
11120	0
5267	0
5266	0
5262	0
5261	1
13369	0
14181	0
24152	0
19957	1
5268	0
18398	2
18399	1
15850	1
19011	0
18390	2
18396	1
18397	0
18171	0
21314	0
18174	1
10382	0
20169	1
21530	0
16730	0
1124	1
1125	1
14325	1
14324	0
18375	0
23672	0
11132	0
15108	2
24578	0
7590	1
24169	0
18379	0
17981	0
17984	0
14690	1
17986	0
17988	0
2982	1
2981	0
2980	3
24371	2
14698	0
24372	0
15582	0
22225	0
15580	1
21165	0
8738	0
523	2
1014	0
8737	0
15589	0
18088	0
22555	0
8730	0
8731	0
1234	0
8517	1
19440	0
8512	0
8045	1
23665	2
8048	0
8049	0
20959	0
4195	1
12599	0
23490	2
17785	0
5672	0
5673	0
5674	1
3955	0
8280	0
12842	0
4355	2
16115	1
19444	1
4351	0
4353	1
11002	0
25975	0
4117	0
25978	0
11009	0
11642	0
6506	0
23064	1
23066	1
2248	0
15947	0
15816	0
11557	0
23063	0
24280	0
21310	0
25870	0
18151	0
23256	1
22621	0
22620	0
23488	1
3804	0
23485	1
23480	0
23481	1
23248	0
23246	0
23712	0
23713	0
23710	0
19111	0
8193	0
6434	0
15322	0
19114	0
6431	0
15321	1
8198	0
1967	0
15329	1
24595	0
24594	0
24597	0
18052	0
23394	1
24592	0
24960	0
2249	0
21809	0
16109	0
16108	0
14763	1
9103	0
16102	0
16101	0
16107	0
16106	0
19624	0
13647	0
4777	0
4774	0
19167	0
10154	0
4773	0
13641	0
22284	2
22530	0
13649	0
6421	0
3063	1
23809	0
10446	0
19162	0
23416	0
3062	0
19145	0
6423	0
23806	0
18338	0
23805	0
25628	0
9943	2
24620	1
9946	0
16039	0
15784	2
5812	0
2243	0
5814	0
16032	0
19023	0
19022	0
16741	0
19244	0
25402	0
19246	0
16213	0
15786	0
16747	0
16210	0
16749	0
19510	0
25158	0
24970	0
24161	0
19939	1
5542	0
9266	0
22758	1
12053	0
16584	0
238	0
12054	0
25396	1
12056	0
13501	1
231	8
16589	0
5060	1
12696	0
12695	0
3068	0
1963	0
12691	0
26193	0
17823	0
26191	0
26190	0
4495	0
26196	0
26194	0
357	0
22312	0
25710	1
15665	0
10056	0
3058	1
25718	1
25719	0
9597	0
18373	0
21650	0
21653	1
142	0
17501	0
140	1
20879	1
21658	0
20702	0
12151	0
2352	0
7829	0
19800	0
19807	0
19806	0
21090	1
20317	0
19809	0
16368	1
25571	0
25572	0
7824	1
26067	1
26065	0
7543	0
16274	0
16696	1
16694	2
20316	0
25086	0
2081	0
25080	3
2087	0
2085	0
17189	0
17851	0
17019	0
26180	0
17180	0
7463	0
2530	2
2536	0
17956	0
2535	0
2712	0
2713	1
2710	0
17764	0
22031	0
9360	2
1194	0
7957	0
7956	12
12707	1
17162	0
17163	1
17161	0
22830	0
22831	0
22832	0
20255	0
22834	1
10346	0
22836	0
22837	0
1832	0
1833	0
22929	0
1836	1
1834	0
25231	0
25219	0
1838	0
16962	0
22719	0
16967	0
7926	2
2155	0
2404	0
1695	0
2803	0
10684	0
9593	0
4989	0
4988	0
930	0
937	0
934	1
10526	0
10524	0
20902	1
5385	2
25230	0
5387	0
14844	0
16644	0
14662	0
18560	0
14664	0
14841	0
14842	0
14667	0
21824	1
5211	0
4144	0
20233	0
16877	1
16647	0
1959	0
1958	0
16876	1
23344	0
8870	0
14990	0
14991	0
8877	0
8876	0
8879	9
24110	1
24113	0
7311	0
24114	0
11902	0
11903	0
12307	1
12306	0
6905	0
25543	0
21297	0
12302	0
9149	0
824	1
18415	0
9863	0
12308	1
18337	1
822	1
25449	0
18984	0
18983	0
25189	0
15625	1
15624	0
15623	1
8161	0
4878	1
12639	0
9017	0
10235	1
12263	0
7038	0
7039	0
831	0
1488	1
23346	0
5492	0
6973	0
1711	0
9387	0
5256	0
20059	0
24023	3
5255	0
15912	0
24029	0
21508	12
20052	0
20053	0
15821	0
2144	0
15824	0
12887	0
15829	0
6316	0
23068	1
25234	0
15959	0
18189	0
18185	1
23051	3
15951	0
15485	0
18182	1
24568	0
14337	2
18340	0
11125	1
921	1
25444	0
13490	0
14338	0
14339	0
2452	0
14616	1
17979	1
10850	0
2797	0
8728	0
18745	0
18743	0
18742	0
18741	0
1008	0
8721	0
1006	0
4255	0
18102	1
8727	1
1000	0
8053	0
8503	4
12874	0
8505	1
8504	0
8055	0
624	5
4181	0
4180	3
4183	0
4182	0
23653	0
23652	0
1229	0
4186	0
15007	0
15006	1
15005	0
4298	0
15003	9
6533	0
6530	0
15552	4
8299	0
8298	0
13675	0
15559	0
6538	0
4959	2
2883	1
20943	0
25988	0
14534	2
11015	2
11016	0
11017	1
25980	0
11012	0
8615	0
8614	0
24615	0
25447	0
21018	0
8612	1
24293	0
17882	0
17884	1
24294	0
24295	0
25562	1
24174	0
3872	2
3873	0
3875	0
3876	0
3877	0
25440	0
23723	1
11032	0
23721	0
23720	0
8471	0
8472	0
19102	0
12472	0
15311	1
19101	0
19107	0
5717	0
8184	0
6408	0
12478	1
5712	0
24587	1
24582	0
24583	0
7768	0
7769	0
24589	0
7525	0
7594	0
1289	0
21684	0
3909	1
19324	0
7719	1
4760	0
6746	0
4765	0
22299	0
22528	0
4766	0
13659	0
24242	0
22290	0
6748	0
4199	0
4164	13
16015	0
21436	0
11241	9
19880	0
5809	0
9959	0
21583	1
1798	0
16020	0
19741	0
16022	0
3279	0
5807	3
28	0
19256	0
200	1
17379	0
16751	0
205	0
16754	0
16755	0
24942	0
6024	0
7245	1
26021	0
12042	0
12043	0
12040	0
12041	0
16594	0
26181	0
22319	0
12045	0
16598	1
836	0
8452	0
22741	1
22746	0
26048	0
23554	0
2239	1
13357	0
23901	0
23907	0
12687	0
12688	0
12689	0
11791	0
22990	1
19379	0
135	0
10824	1
5934	0
10822	0
19314	0
22728	0
2186	0
21866	0
2506	0
21864	0
839	1
21646	0
21433	1
21860	0
21861	2
677	0
15383	0
11426	0
22378	0
1311	0
4575	3
4576	0
22725	0
3654	0
21089	0
24706	1
19810	0
3651	0
3652	0
3653	0
20174	0
16818	1
2527	0
2526	0
23206	1
11661	0
13387	0
16892	0
19906	0
13384	1
16227	0
11465	0
11464	1
639	0
13385	0
11461	0
24961	0
10433	0
11462	1
7811	0
12312	0
16225	0
20569	0
22371	1
598	0
10354	0
10355	1
2611	0
23759	0
10350	0
10351	0
10352	0
5062	2
17794	0
17797	0
4490	0
10358	1
25663	0
25215	0
25217	1
17157	0
17156	0
10682	0
17158	0
17401	0
17403	0
23920	0
10818	0
1829	0
13318	0
21832	0
1825	1
16971	0
16976	0
13310	1
1823	0
1822	0
9572	5
12268	1
17082	0
2143	0
2142	1
17086	0
17089	0
4975	0
12260	0
12266	0
925	1
15572	0
5392	1
10532	0
11808	0
19252	0
5395	0
20934	0
19358	0
10539	0
11801	1
14834	0
20119	0
9713	0
9712	0
14051	0
9710	0
9717	0
15571	0
15882	1
832	1
833	0
830	0
21469	0
8888	0
834	1
2410	0
4836	0
18971	3
18972	0
8887	0
21466	0
8881	0
18408	1
2936	0
20595	0
12313	1
20597	0
12311	3
20599	0
13220	1
12318	0
19222	0
18996	0
18995	1
11898	0
10925	0
7479	0
4484	1
7023	0
5548	0
25069	1
27	0
7026	0
7025	0
5488	0
3310	2
5485	0
3312	0
5483	0
11622	0
5481	1
3316	0
9397	1
24034	0
21515	0
24032	1
9392	1
1728	0
1727	1
5246	0
5241	0
5240	0
19583	0
20567	0
7597	0
5626	0
20344	2
15221	0
18579	0
20345	0
15125	0
15126	0
15127	0
10543	1
15123	1
15942	0
12406	1
18194	1
15941	1
18193	0
10338	0
29	0
14302	0
62	0
3006	1
65	0
5486	0
24272	0
7935	0
14308	0
253	0
26058	0
20335	0
1588	1
1589	0
20331	0
17968	0
7695	0
18585	0
7154	1
4284	0
18751	0
22738	0
9125	0
11892	0
4633	1
18757	0
18758	1
403	0
11893	0
26059	0
500	0
12860	0
23649	0
12863	0
12865	0
12866	1
8069	1
12868	0
23137	0
23134	3
400	0
8063	0
23647	2
15010	0
9126	0
4379	0
7481	0
6524	0
6527	0
5659	0
5656	0
7071	0
4371	1
4376	0
8261	2
8263	0
782	0
4750	0
9391	0
25998	0
16357	0
25996	0
14540	10
14543	0
14542	0
17692	10
14547	0
11066	0
15495	0
1104	0
1105	0
8666	1
1101	0
21149	0
20947	0
1109	0
4080	0
4081	0
23730	0
22609	0
11196	0
22605	0
2613	0
22603	0
15687	0
22601	0
8408	0
8409	0
23474	0
22827	0
11183	0
11325	0
8400	0
7459	1
11328	0
8403	1
23226	0
23227	0
23224	0
23225	1
7573	0
5729	0
11199	0
7579	0
7578	2
15306	0
15300	0
15301	0
19131	1
7774	0
7772	0
18909	0
3730	2
8717	0
3917	0
3916	0
8811	0
3910	0
5137	0
5631	1
25554	1
12112	1
19489	0
13034	0
6732	0
23355	0
4798	0
6735	0
8312	0
18904	0
11490	0
11491	0
11493	0
11495	0
4793	0
18899	0
10884	0
5835	0
14135	0
5830	0
11629	0
5838	0
5839	0
8869	0
12118	1
12113	0
18271	0
22199	0
22197	0
24640	1
9922	0
9924	0
12291	0
22190	0
25179	1
214	0
215	2
4037	0
22771	1
22770	0
16766	0
16765	0
17179	0
22779	1
22778	2
11785	8
22177	1
16568	0
25378	0
25379	1
16565	0
12074	0
11788	0
12121	0
16563	0
12070	1
25181	0
23918	0
12678	1
25553	0
24860	0
12675	1
23915	1
23916	0
12676	0
23910	0
6641	0
23912	0
19641	0
19640	4
5901	0
19645	0
25777	2
18299	0
15943	1
10819	0
13684	0
15386	1
25180	0
21853	1
4138	0
17560	0
7802	1
17564	0
4139	0
14932	2
21858	0
24820	0
15082	0
13413	0
13411	1
8595	0
21075	2
25510	0
8216	0
19865	2
74	0
19866	0
11670	1
18366	0
17194	1
26088	1
2556	1
2557	0
2558	0
2559	0
6390	0
3007	0
17192	0
12788	0
6638	0
11472	5
17191	0
11470	0
12781	12
12787	1
17804	0
20613	1
19383	0
20616	0
24214	0
2770	0
2771	0
20618	1
2773	0
2774	1
4896	0
23681	1
16415	0
16414	1
16945	0
25205	3
17149	0
16941	0
25201	2
9491	0
17414	1
19387	1
9147	1
19502	0
25209	0
1858	0
379	0
6264	0
6265	0
12252	0
16783	0
4416	3
9606	0
1854	0
21184	0
21187	0
1857	0
20854	0
17090	1
20850	1
20853	0
4967	0
4966	1
25226	0
17099	1
3053	0
4960	0
5432	0
14003	0
9722	0
9723	0
9721	0
20924	1
20925	0
3231	0
22275	1
20568	0
21324	3
5271	0
3265	0
20108	6
21322	0
20106	1
5125	0
19144	0
20100	3
20101	0
21695	0
3466	1
21697	0
21696	0
7090	0
22989	0
5435	0
21699	0
21220	0
374	0
11929	0
12321	0
12320	0
20587	1
12324	0
11923	0
11924	0
11925	0
11926	0
20332	0
14952	2
18218	0
4276	0
6711	0
18215	0
18217	0
18210	1
20231	0
10376	1
9030	0
13989	0
19712	0
9037	0
20662	0
10251	0
7014	1
7015	0
7013	0
7010	1
7011	0
21523	0
1738	0
24001	1
9211	0
5230	0
20033	0
24009	0
5233	0
11616	0
1736	1
11815	0
11816	0
3321	0
11811	0
11812	0
25437	0
15805	0
5212	0
15802	0
734	0
25211	0
15150	0
751	0
750	0
15154	0
15159	0
25358	0
20663	0
22790	0
1595	0
1594	0
6884	0
3073	0
24340	0
2959	0
3076	0
15073	0
14316	0
14317	0
1599	0
25644	0
15799	0
1025	0
2624	0
5346	2
1026	0
1023	1
17953	1
17951	0
17950	0
1029	0
22018	0
20328	0
2810	1
5225	0
13311	1
8079	1
4364	0
12049	0
9979	0
4288	0
12861	0
8071	0
8072	0
23107	1
8074	1
8077	0
17581	0
16091	0
18037	0
18036	0
18030	0
8279	1
18032	0
1217	0
6078	0
14558	1
14559	0
4275	0
22901	0
14552	1
3105	1
14550	0
3100	0
11077	0
3102	0
15977	0
1353	0
8671	0
15974	0
15973	0
15972	1
15971	0
8067	0
22464	0
4278	0
8678	0
8064	1
4588	0
23741	0
23216	0
23215	2
23214	0
22610	0
22611	0
14498	0
12659	1
23219	0
4826	0
15325	1
4250	0
5731	0
5730	0
11318	0
5739	0
482	0
6468	0
9869	0
20433	0
7588	0
787	0
18122	0
7584	0
7585	0
7586	0
15372	2
6465	0
19126	1
9800	0
25836	0
4724	0
6525	0
24097	0
25839	0
13616	0
3922	0
19493	1
7916	1
3927	0
22502	0
22503	0
7482	0
14176	0
2304	0
23363	4
6529	0
8305	0
8302	0
8301	0
6724	0
10247	0
4782	2
4781	0
8308	0
23693	1
10879	0
15206	0
5825	0
4148	0
5827	0
19013	0
5829	1
5828	0
16651	0
4146	1
4141	0
19019	0
4143	2
4377	0
22188	0
22189	0
16067	0
3852	0
3853	0
3850	0
18557	0
5843	0
22184	1
3858	1
25614	1
16778	1
16779	0
22765	0
22766	0
16770	0
18880	0
19442	0
19703	0
25698	1
13862	2
19784	0
16575	0
6095	0
6094	0
17187	3
19783	1
23968	0
10872	0
4775	0
16068	0
12664	0
12665	0
10180	0
23967	0
14541	0
19657	0
16174	0
10805	1
6701	0
10807	0
10801	0
21562	1
25526	0
199	0
17228	0
17559	1
25531	0
195	0
194	0
197	0
21847	6
24833	0
193	0
25528	0
19642	0
6387	0
3679	0
25540	1
6380	0
10513	0
16312	0
16310	5
19871	0
4552	1
3677	3
4550	3
18195	0
2385	0
26178	0
21994	1
21995	0
21998	0
26092	0
16899	0
12798	0
23492	0
11447	0
10514	0
11445	1
11444	0
3297	0
2388	0
12797	0
17543	0
9151	0
2762	0
2761	1
8864	0
1668	0
20620	0
25089	0
16953	0
25236	1
25235	0
26044	0
16958	0
9482	1
15422	0
17231	0
17135	0
17426	0
9485	2
21409	1
6271	0
25439	0
4428	0
21199	0
14	1
12247	0
13333	0
1841	2
21191	0
4426	1
4427	0
21194	0
21195	0
6077	0
6076	0
6075	0
12085	0
2169	0
6072	0
20827	0
4952	3
5774	0
7267	0
4261	0
6079	0
4955	0
21800	2
14033	1
1941	0
9735	1
16718	0
14037	0
9736	1
20953	0
20952	0
20954	0
21171	1
20956	0
24121	0
24122	0
20320	0
9283	1
24126	0
24127	1
10794	0
5136	0
10024	0
5134	0
10022	0
10791	0
3292	1
5130	0
3452	0
855	0
13205	1
3451	0
22979	1
13202	0
853	1
22975	1
22976	0
2504	0
3293	0
5425	0
12338	0
19962	0
17590	0
12334	0
13036	0
12337	1
14967	0
18208	0
22497	1
14969	0
2487	0
14781	0
1187	0
20554	0
20557	0
20004	0
20003	0
20550	0
20001	2
20000	0
9025	1
10243	1
9027	0
12786	0
10246	1
9020	0
7007	1
20008	0
6867	0
18681	1
13995	1
18684	0
18685	0
5081	0
18688	0
5232	1
5227	0
21531	0
12065	0
11861	1
22888	1
11863	0
18511	0
11865	0
18517	0
8932	0
11868	0
2049	0
15814	2
22887	8
14818	0
17818	0
743	0
15144	1
15145	0
748	0
749	0
15148	1
12066	0
12930	1
20260	0
13497	1
6891	1
24330	1
14499	0
6892	0
6895	0
3066	0
2949	2
6896	0
11186	0
24210	2
18331	0
14497	0
14496	0
2915	0
1050	0
1051	1
5355	0
5353	0
5352	0
20315	1
10792	0
1058	0
1059	0
20319	0
2917	0
5359	1
1696	0
1793	0
1694	1
26173	0
17537	0
22556	0
8739	0
16957	0
1699	1
1278	0
1279	0
18771	0
17304	0
18283	0
4319	0
12884	1
12885	0
615	0
11047	0
7572	0
15568	1
14562	0
24489	1
14560	0
9867	0
15562	0
1490	0
14767	2
14766	1
24248	0
3119	0
3113	1
24240	0
1028	0
15960	1
15961	0
15962	0
1493	0
17939	0
20427	0
15305	0
5465	1
8643	0
8641	0
22379	0
23751	0
23204	0
23757	0
4469	0
9248	0
22372	1
23758	1
1497	1
22377	1
22376	1
8428	0
5740	0
5469	0
19575	0
5468	0
495	1
6648	0
13931	0
491	0
492	1
13932	0
24	0
25	0
26	0
12409	1
19609	0
2592	0
22	0
3362	0
9832	0
7596	0
7595	0
3594	0
15366	0
7592	0
820	0
15365	1
23114	1
25827	0
23110	0
8735	1
13620	0
3599	0
25829	0
8672	0
19608	1
10656	0
3939	0
22574	0
22577	0
19464	1
3937	1
19466	0
19463	0
20635	9
11275	1
8336	0
26039	0
24575	0
8335	1
21594	1
13682	0
13680	0
11279	0
18196	0
20046	0
19061	0
9907	1
15214	0
19062	0
23689	0
13325	0
20766	0
22324	0
23686	0
5260	0
4135	1
16620	0
23683	0
2593	0
24464	0
3843	0
3845	0
3844	0
24463	1
5695	1
3849	0
13320	1
5698	0
358	1
17286	0
25354	0
19208	0
22993	0
14182	1
22798	0
178	1
22791	0
19204	0
22793	0
19206	0
16543	1
22404	0
17120	0
25684	0
22105	0
4046	0
6669	0
4040	0
13328	0
23970	0
6666	0
6667	0
21710	0
12654	3
25758	14
10878	0
22083	0
22082	1
1878	1
22087	0
16148	3
10871	0
22088	0
8375	0
17125	0
12046	0
16891	0
16890	0
19517	0
16324	0
25534	0
13010	0
25610	0
25537	0
21831	0
21830	0
17235	0
17233	0
17546	0
2287	1
19687	0
19686	0
19683	0
19682	1
15227	0
21051	0
25674	1
939	1
4828	0
5655	0
23458	0
11696	0
9579	0
22692	0
17343	0
10904	1
10907	0
10906	0
17306	1
11459	0
24939	0
8310	0
17308	0
17309	0
5065	0
24932	0
3593	0
21944	1
2596	0
16801	1
9124	0
2591	1
3595	1
9127	1
10655	2
10657	0
23351	0
21949	0
17439	5
20636	0
10652	0
16433	0
1877	1
25228	0
13321	0
13322	0
4432	0
17122	0
25225	0
7911	0
17121	0
25220	1
17127	0
17124	0
6185	0
25359	0
11623	0
6632	0
6288	1
183	0
6280	0
19060	0
6282	0
23986	0
2118	0
2119	0
187	0
185	0
188	0
26138	0
19923	0
21287	1
2622	0
2623	0
14020	0
20949	0
20122	0
20942	1
15920	0
20940	0
26132	0
20129	0
19603	0
7350	0
5109	0
7355	2
7357	1
7356	0
1910	0
21309	0
9128	0
3283	0
5107	0
3280	1
869	0
4259	0
9408	0
3449	0
11583	0
22966	2
7278	1
22964	0
18970	0
3441	0
864	0
2115	1
13702	0
17944	0
2752	0
2116	1
2750	0
25159	0
10497	0
10496	0
12135	2
10490	1
882	1
880	0
887	1
18370	0
885	0
884	0
18233	0
14976	0
14599	5
14970	0
2620	2
18235	1
18234	0
5216	0
20547	1
10477	0
10476	0
20014	1
13704	0
5210	0
14159	0
14157	0
14154	1
9053	0
25492	0
10478	0
5218	0
21549	0
24726	0
17878	1
20089	0
3534	0
24060	0
21543	0
10407	0
21544	0
21547	0
21546	0
20495	0
8925	0
22899	0
11876	0
8922	2
14807	13
14808	0
3988	0
22890	0
18524	0
18522	0
18521	0
8928	0
14485	1
4211	1
19434	0
773	8
5415	0
15175	0
15173	0
18658	0
15171	0
15170	0
75	1
17932	0
7104	0
7105	0
17937	1
70	1
6864	0
14691	0
14370	0
14371	0
14376	1
15770	0
14374	0
78	0
15217	1
3526	0
5360	0
5361	0
5366	1
5367	0
1045	0
1044	0
20305	0
21638	0
20307	0
3524	0
20303	0
19404	0
18788	0
1685	1
3982	0
20216	0
18783	0
18782	1
19004	1
18784	1
8255	1
8254	0
4301	1
26167	0
13144	0
22806	1
1267	1
1265	1
18013	2
17751	1
11052	0
11053	1
11054	0
3388	0
3286	0
24490	0
21593	0
17864	0
8787	0
8786	1
15516	0
15688	0
17848	0
14770	1
14771	2
15681	0
7615	0
15683	0
8704	0
15685	0
17843	1
1914	1
1408	0
15999	0
15998	0
16231	0
1916	0
25172	0
13334	0
18562	1
8437	0
1310	0
15913	0
17923	0
15585	2
23760	0
6914	1
21943	2
15353	1
24781	0
15423	0
13929	6
9829	1
6919	0
6448	0
15358	0
15195	0
15194	0
15197	0
15196	0
15191	0
5597	0
15192	2
8732	0
9631	0
19791	0
19936	0
23161	0
23163	0
20558	0
23168	0
1013	0
7725	0
7726	0
7727	0
3948	0
4365	0
14894	0
21592	0
312	1
19475	0
3944	0
19473	0
3946	0
6709	1
6708	0
22075	0
15609	1
6700	3
6703	0
23302	0
23304	0
6707	0
8513	0
12503	2
17182	0
9913	0
4128	0
12507	0
6888	0
12504	0
6082	0
19078	0
8047	0
9038	0
2754	0
4125	0
24477	0
22366	1
24475	0
12071	1
24470	0
24471	0
13415	0
1378	0
6081	0
22369	0
24479	0
16554	0
13636	0
19219	0
3377	0
4267	0
16553	0
19216	0
19215	0
6675	1
23946	0
23945	0
23856	1
23943	0
22149	0
12642	0
23412	0
22144	1
16083	1
22415	3
23419	0
16087	0
16084	0
4702	0
18105	0
23786	0
4052	0
13740	2
13741	0
11411	0
13749	0
19678	0
16159	0
12849	0
15583	0
5973	0
8282	0
9216	0
161	0
16154	1
19675	0
19677	1
16882	0
16331	0
16332	1
16333	1
16334	1
16335	0
16336	0
19501	0
2293	1
21823	0
16888	0
16889	0
21048	0
2295	0
21825	0
25783	0
4354	1
18238	0
6642	1
25785	0
25784	0
25034	3
12414	0
15409	0
2569	0
2568	0
23156	0
19316	0
2561	0
23095	1
2563	0
21101	0
14868	0
2566	0
16162	0
10912	0
17339	0
2368	2
17337	0
19313	0
13013	0
24924	1
18231	0
17331	1
17330	2
9133	1
17116	0
17443	0
888	2
17113	0
9135	0
10310	2
18237	0
9138	0
10640	0
10317	1
16280	0
4442	1
1862	0
3655	0
14972	0
4446	0
25251	0
3725	1
3721	0
17134	1
17688	0
13597	3
4685	0
23944	0
14096	0
1613	0
25977	1
5853	0
6291	0
6290	0
24814	0
11734	0
24816	0
5251	0
11733	1
20808	0
20807	0
20806	2
20805	0
6056	0
20803	0
24819	0
22891	0
20543	0
10004	0
7801	0
4704	0
5116	0
10000	0
20157	0
17563	0
12460	0
15420	0
2630	0
21177	0
20793	0
20792	0
9595	0
21315	2
21316	0
21317	0
9591	0
8511	0
21313	0
11410	0
17592	0
17591	0
16545	0
23138	0
7807	1
17595	0
3430	0
3431	0
22951	1
22110	0
22954	0
2741	15
5257	1
12617	0
2742	1
16469	1
2749	0
4846	7
4847	0
16496	0
890	0
13067	0
17569	0
894	0
896	1
21548	0
10268	0
899	1
2984	0
11579	0
12616	0
10467	0
6389	0
5202	0
20576	0
20574	3
5209	1
19462	1
16042	0
14165	0
18209	1
25872	0
8711	0
13352	0
18587	0
21550	0
24141	0
21554	0
6388	0
19945	0
8916	1
2614	0
16262	1
16232	0
11844	0
13175	0
13174	0
13177	1
11840	0
14346	2
14345	0
14344	0
18314	0
11194	0
11197	0
14340	0
15160	0
15161	1
1782	0
15163	0
18648	0
18649	1
3048	0
11626	1
16216	0
1962	0
17924	0
6878	0
8448	0
1611	0
25107	1
6037	0
25511	0
18790	0
18791	0
1078	0
25516	1
20373	2
22239	0
20375	0
1073	0
21167	1
18225	0
18227	0
1561	0
18222	1
1674	0
1675	0
23135	0
25102	0
1670	0
13008	3
1672	0
8222	0
22235	0
8224	0
1092	0
1093	0
12612	1
676	2
8920	0
1098	0
22233	0
3136	1
18008	0
14809	0
18000	1
18001	0
10026	0
18003	0
7103	1
20207	0
11879	0
14747	0
14746	1
23462	0
17859	0
1915	0
7477	0
17854	0
7603	0
4103	1
17850	0
15695	0
22894	0
4643	0
22618	0
4104	0
1322	0
1323	0
1321	0
1327	0
8969	0
23770	0
23771	0
23772	1
5660	0
23775	0
23776	0
13556	4
6907	0
12422	0
15435	0
5144	0
12425	0
5769	0
23576	0
23577	0
16155	1
23714	0
16338	0
6908	0
15186	1
15187	0
15184	0
8340	0
15182	0
19895	0
5564	0
2072	0
2394	0
15188	0
23241	0
1254	1
1520	0
23175	0
25585	0
5466	0
1258	0
309	0
17249	0
15248	0
3953	0
22224	0
302	1
17248	0
19447	0
19446	1
19445	0
15172	1
4116	0
11213	0
21931	0
4115	1
11216	1
4110	0
11215	0
24753	1
8352	0
21390	0
2255	0
851	0
18034	0
19048	1
15235	0
8195	0
17933	0
12512	0
7893	1
22311	0
14379	0
4372	0
9306	2
24444	0
6411	1
6868	0
17240	0
3820	0
17934	0
16521	0
16523	0
13035	0
5184	0
2476	0
14153	0
3059	0
18288	0
23950	0
3056	1
22428	0
23403	4
12637	1
14373	0
22423	1
22421	0
15246	0
22426	1
23409	1
3204	0
3055	0
9265	0
25904	0
3052	0
4068	1
4069	0
11502	0
14377	0
12051	0
5787	3
25115	1
6863	0
2331	0
16177	0
21031	0
21030	0
21032	0
3607	0
24593	0
5363	0
17782	0
22927	0
12050	0
8623	0
22046	1
12187	0
3347	0
8146	0
24456	1
20309	0
1897	0
12749	1
25091	0
16946	0
12745	0
5365	0
25204	0
12743	0
12742	0
10923	0
19992	2
19223	0
10926	1
19997	0
19996	0
15666	0
4265	0
2350	0
12160	0
2356	0
2355	0
7309	0
17453	0
7281	0
1048	0
9458	1
9459	0
22435	0
10672	0
21968	0
9450	0
10676	0
17690	0
4451	1
13346	0
17696	0
9143	0
21144	0
1896	0
4458	0
3731	1
21142	0
2136	0
2133	1
4697	0
951	0
950	0
953	1
12290	0
12296	0
18552	0
17141	0
24861	0
21816	0
21815	0
21814	0
21811	0
11721	0
7602	0
6023	0
9413	0
20489	0
14009	0
5162	0
5164	0
5166	1
1859	0
20148	1
20149	0
14004	0
14007	1
20780	0
20781	0
20782	0
20783	0
20787	0
17075	1
21491	0
1879	0
21497	0
9217	0
21495	0
16756	0
22283	0
12365	20
17588	0
17589	0
16853	0
17584	0
17585	0
3420	0
17580	0
16858	1
12369	1
17583	0
12165	0
2003	0
12166	0
12161	0
23038	5
2004	0
3851	0
2009	0
4583	0
14174	0
14175	1
9074	0
9075	0
14170	0
22285	0
4302	0
4771	0
14843	0
1855	0
21563	0
10456	0
18066	0
21560	0
10458	0
20560	0
20562	10
8629	0
5417	1
6064	1
21156	0
25443	0
11607	0
14358	0
20960	0
8156	0
8157	0
10588	2
22375	0
2997	0
13167	0
13164	1
11182	2
14351	0
2912	1
23513	1
18677	0
18676	1
21579	0
14357	0
717	0
715	0
1796	0
915	0
4958	0
10039	0
21339	0
17918	0
7126	0
20664	0
7125	0
26019	0
17911	0
19879	0
21154	0
21558	0
24499	0
6301	1
5302	1
6300	1
18250	0
13012	0
18973	0
1669	0
18256	0
1667	2
2074	0
1662	0
1660	0
20537	0
593	1
11537	0
15538	2
18152	1
2607	1
24270	0
24271	0
12981	0
12980	0
10130	2
2826	0
17345	1
2823	0
3386	1
20217	0
7638	0
20215	0
5411	0
5412	0
5413	0
7632	0
17861	0
10133	0
7636	0
7637	0
17865	0
7635	0
71	0
24732	0
3965	0
10996	1
1403	0
1407	0
20926	1
1405	0
1404	0
14431	0
449	0
1339	0
9944	0
4213	0
11951	0
24332	0
23099	0
15401	0
15400	0
6934	1
8128	0
5771	0
19705	0
5773	0
23092	0
18109	0
8122	0
23096	1
22938	0
23461	0
360	0
5579	0
5578	0
5577	0
5575	0
5571	0
5570	0
12640	0
3096	0
11028	0
23149	1
1248	0
23145	0
3099	0
25875	0
25877	1
25152	0
15682	0
339	3
1821	0
23896	0
24334	0
24252	0
21450	1
16743	0
19184	0
8349	0
4102	1
16729	0
24250	0
844	0
11227	0
22325	0
24251	0
11223	0
17739	0
25405	1
15249	0
19059	0
3967	0
17738	0
19931	0
24699	0
24696	1
19051	0
19052	0
15245	0
15244	0
15247	0
9312	1
25408	0
4433	2
25903	1
25902	0
24454	0
3890	1
22309	0
24451	0
24453	1
3291	0
22436	0
21029	0
22433	0
19520	0
25304	0
22439	0
19248	0
6611	1
6610	16
12627	0
12709	0
17341	0
21615	0
7277	1
6744	0
10841	0
5953	2
5957	0
10847	0
18161	0
19454	0
5083	0
3964	0
5794	0
19450	0
10499	0
21755	0
3200	0
2560	2
16340	0
19528	0
21027	0
21024	0
19525	1
21028	0
19527	0
3632	0
3633	0
3630	1
3631	0
8891	0
22051	0
16624	1
5084	0
16622	0
12192	0
4269	0
16621	1
11405	0
12193	0
2341	0
11402	0
12758	0
11400	0
16728	0
2348	0
12751	0
19980	0
19233	0
19234	0
232	0
2562	0
10936	0
10931	0
25491	0
16994	1
21799	0
21713	0
25272	1
25271	0
25487	0
17467	2
17465	0
17464	1
17463	0
9441	0
16802	0
12286	1
12287	0
25470	0
21158	1
21159	0
4466	0
21157	0
7959	0
21152	0
25575	0
13371	1
1880	0
2120	0
2123	0
11401	0
2127	0
1556	0
2342	1
941	0
19877	0
11712	0
6039	0
24877	0
21806	0
17266	0
6033	0
17268	1
11719	0
6030	0
26100	0
6446	1
6911	0
10062	0
5172	0
9207	0
5175	0
15891	0
2222	0
8523	0
6913	0
20173	0
2656	0
2655	0
2654	6
8530	0
21379	2
3412	0
22937	5
3411	0
17001	3
7383	2
23939	2
7386	0
17277	0
3418	0
17006	0
12370	0
12373	0
6918	0
15898	0
4868	1
15899	0
21321	0
13480	0
13483	0
13482	0
13485	0
2010	0
13486	0
14102	0
18487	2
18488	0
18489	0
19457	0
20519	1
11026	0
24057	1
20511	3
10445	0
20513	1
10115	0
20515	0
10113	0
20517	0
7444	2
21776	0
21777	0
3561	0
13153	0
22848	0
21771	0
13521	0
20683	0
14502	0
21778	0
21779	0
8978	1
4485	0
10590	0
14638	0
10597	0
4483	0
8970	0
17502	0
8972	0
8973	0
4488	0
8976	0
6190	0
21798	1
6857	0
11467	1
18668	0
18669	0
19451	0
13355	1
18667	0
6859	0
6858	0
15198	0
20424	0
88	1
20333	0
20421	0
8387	0
14615	0
80	2
81	0
10253	0
85	0
8526	0
9921	0
14353	0
20196	0
20191	0
21657	0
15774	0
141	0
18597	0
13022	0
1658	0
14924	0
18246	0
13026	0
23300	0
18245	0
1653	12
13029	0
10559	0
1656	1
20775	0
6583	1
19808	1
15523	0
15524	0
23167	0
580	0
24002	0
8206	0
9327	0
8200	0
7625	2
17875	0
24203	0
24202	0
22920	0
24204	0
24207	1
11082	2
20707	0
11979	0
18067	0
18065	1
5407	1
5406	0
16014	1
5402	0
1430	1
5400	0
9732	0
20229	0
1981	0
19801	0
5409	0
5408	0
11806	0
5231	0
13470	1
25676	0
20030	0
13971	0
13970	0
6737	1
4263	0
4264	0
4468	0
23552	2
23553	0
450	0
1341	1
1343	0
23558	0
23559	0
1346	0
1347	0
17665	0
8118	0
3824	0
15418	0
15419	0
4467	0
15414	0
15415	1
15416	0
1989	0
8116	0
6920	0
9870	0
9871	0
7713	1
7712	1
7715	0
14430	0
7717	3
7716	0
20650	1
5543	1
5541	1
5546	0
5547	0
5545	0
25868	0
3387	1
8596	0
25863	1
1508	0
23153	0
8592	0
8593	0
25864	0
8376	0
23883	0
23880	0
23881	0
8372	0
22203	0
4034	1
11539	0
8378	0
17307	0
315	0
11231	0
11233	1
13801	5
8579	1
2124	0
1992	1
15258	1
15259	0
12458	0
15252	0
15253	1
15250	0
15251	0
8446	0
25916	1
25917	1
25910	2
25911	0
22336	1
23093	1
15800	0
2080	0
15218	0
4650	0
25319	0
19081	1
19080	0
19739	1
19738	1
25648	0
19084	0
8538	0
16506	0
19089	1
16056	1
25316	0
13390	0
20066	0
23429	0
11522	0
6629	0
6738	0
6627	1
12615	0
12614	0
23420	0
23303	0
12611	0
23423	0
11713	0
6702	0
2247	0
13711	0
17612	1
13713	1
13712	1
13714	1
13717	0
8449	0
9895	0
19423	13
321	1
24731	0
22645	0
3977	0
9893	0
8404	0
6706	0
25006	0
17681	2
13992	0
21017	0
21016	0
19553	0
17935	0
11971	0
21012	25
19557	0
21808	0
9433	0
7647	0
9915	0
16611	0
13404	0
6031	0
13625	0
18286	1
2332	0
11718	0
13621	0
2335	0
11416	0
13622	0
2338	0
2339	0
22599	0
22598	2
14845	0
13628	0
26102	0
16886	0
25480	0
15793	0
25482	0
10942	3
16110	0
25486	0
14319	0
16475	0
3716	1
16471	0
16470	0
15357	0
17471	0
17472	1
9471	0
3719	0
11468	0
22523	0
19955	0
19954	1
21169	0
19956	0
16270	0
21162	2
4472	1
13364	1
16278	1
17670	0
25469	0
7648	0
2950	0
2485	1
4673	0
24474	0
6008	0
6009	0
17273	0
17276	1
2952	5
17274	1
17275	0
26171	0
26170	1
24845	1
24220	0
11700	1
24841	1
26176	0
20168	0
2465	0
9273	1
21341	0
21340	0
24199	1
9209	0
10055	1
10726	2
5143	0
21705	2
9208	1
122	0
123	0
124	0
10117	0
7534	2
3409	3
20765	1
17016	0
17017	1
17015	1
4875	1
16872	0
4877	1
22244	0
12389	0
4870	0
6226	0
22839	1
12387	0
12386	0
12380	0
26005	0
26004	0
12141	1
26006	0
10615	0
6317	0
6315	1
13493	0
12149	0
13496	0
20243	0
6442	0
25321	1
22109	0
9098	0
9099	0
9094	0
9095	0
17114	0
9090	0
9092	0
9093	1
10439	0
10438	1
19350	1
9656	0
21588	0
10825	0
20774	2
21584	0
21587	0
9659	0
10435	0
10341	0
6443	0
19356	0
7247	0
7246	0
13142	3
20776	0
18875	0
16659	0
16483	0
18879	1
15374	0
24888	0
2666	0
19605	0
2664	0
8968	1
4493	0
9785	15
2661	3
9224	0
7958	0
16655	0
13388	0
13389	0
18619	2
25229	0
6823	1
6824	0
6825	0
2938	0
15880	0
6828	0
18613	0
18612	0
8187	0
4196	0
20341	0
20434	0
20435	1
20432	0
11899	1
20346	0
25598	0
14606	0
18580	0
18582	0
10549	1
11891	1
8211	0
18586	0
12644	0
20184	2
20182	0
12645	0
21288	0
23417	1
14282	0
8815	0
14933	0
14286	0
25599	0
18279	0
18278	0
18905	0
18276	0
18275	0
16963	0
13032	0
12641	0
8219	0
18724	0
1839	2
18721	1
18720	0
18051	1
11093	0
573	0
21289	0
570	10
8215	1
8742	0
15081	1
574	0
7650	1
17800	0
18297	1
4366	0
12968	0
17807	2
17808	0
3164	1
24219	1
2806	1
5629	0
2805	0
7096	0
7094	1
7095	1
1425	0
7093	0
5434	1
7091	0
19247	0
20236	0
8177	0
20230	0
4983	0
7098	0
23418	0
731	0
13498	0
733	0
938	0
735	0
6170	0
8179	0
21634	1
19892	0
2001	0
4273	0
4272	0
4245	1
13966	0
24852	0
12256	0
23529	0
4242	0
1350	0
1356	1
21221	1
5697	0
5555	0
13481	0
15399	0
18126	1
18125	0
6482	0
7384	1
9862	0
9865	0
15396	0
15395	0
22021	0
25856	0
14424	0
25854	0
25853	0
4051	0
25850	0
24506	0
24504	0
24503	0
11148	1
8589	0
23864	2
1519	0
6534	1
2409	0
1511	0
6776	0
22048	0
8365	1
8367	0
8366	0
8369	0
3383	0
13664	0
12547	0
12545	2
23186	1
2223	0
23637	1
13815	0
13813	1
10522	0
16011	0
6556	0
15066	0
9018	0
9774	0
778	0
9066	0
6558	0
19018	0
3185	0
3186	0
24439	0
6532	0
14661	0
22320	0
22321	0
24431	0
3188	0
7475	1
2455	1
22100	1
25678	0
22457	3
22108	0
16511	0
19724	0
16513	0
19090	0
19723	0
16040	0
19093	1
7485	1
22691	19
23989	0
22693	1
22696	0
6631	0
22699	1
23452	4
6635	1
23454	0
12606	0
4019	0
4018	0
23811	0
4013	0
13703	0
9039	0
4017	0
4015	1
13705	0
7504	0
19433	1
7506	0
24722	0
352	0
351	0
350	1
3980	0
9889	2
3983	0
19548	0
16607	0
19507	0
8476	0
16608	1
16609	0
19544	0
19545	0
10116	0
17208	0
14067	1
22074	0
25130	0
5119	0
25721	0
24462	0
13673	0
7854	0
23855	0
4705	0
13635	0
4703	0
2326	0
4700	0
2329	0
2328	0
23859	0
23858	0
20779	1
4708	1
3618	1
281	0
16281	0
283	0
10956	0
284	0
8676	0
8871	0
21821	0
3765	0
3766	0
17207	3
21910	0
1116	0
21178	1
3754	1
16266	0
1292	0
16264	0
260	0
267	0
25108	1
19940	0
16261	0
21772	0
269	0
17392	0
17395	0
17394	0
17396	0
5061	0
6010	0
6012	0
19697	0
4642	0
2490	0
4640	0
4641	0
4631	0
8155	0
3243	1
26168	0
25582	0
19890	0
2259	0
7899	2
25589	0
11841	0
17245	1
7895	0
7317	0
2250	2
164	0
24183	0
2475	0
2474	0
9267	0
17022	0
17021	0
9264	1
10041	0
9269	1
4634	0
5156	0
115	0
114	0
7877	0
113	0
16230	0
22917	2
7878	1
4639	0
7024	0
2785	0
2784	0
4638	0
2783	0
16727	0
2789	0
20813	0
16234	0
10602	0
11604	0
10600	0
10601	0
12158	0
26013	0
5667	0
11602	0
6305	0
12155	0
6307	1
12157	0
11609	0
2076	0
6303	1
11939	0
10134	0
20536	0
21344	0
20534	2
20533	0
20532	1
14128	0
24341	0
14123	1
9082	1
20538	0
18417	0
17731	0
24835	0
8058	1
21596	0
9316	0
9647	0
9314	0
9313	0
10427	1
9643	0
3508	0
8552	0
5519	0
18866	4
18867	3
20654	1
12551	0
21754	1
3501	1
3502	0
5087	0
3507	0
12032	0
12554	1
8557	0
6832	0
18608	0
6830	7
16226	0
6835	0
14383	0
18603	0
18600	0
2922	0
14385	0
18605	0
14639	0
10555	0
10552	0
10550	0
18592	0
12034	1
18596	1
24728	0
18595	1
7280	0
1985	1
1982	0
1983	0
1174	0
8000	0
5738	0
8054	0
8823	2
8824	0
15626	0
18913	0
18910	2
19598	0
18736	1
12419	1
18042	0
16224	0
10910	0
18908	0
8774	0
18739	0
14707	0
3178	0
163	0
18282	0
17817	0
7645	0
15659	14
3171	0
15657	0
3173	0
17819	0
3174	0
14709	0
12971	0
13651	0
20248	0
19596	0
7087	2
21468	0
1186	5
7088	0
5427	0
3372	6
727	0
10918	1
20772	0
14619	0
24128	0
10919	0
15384	0
6494	1
23530	0
15387	0
15382	0
4249	0
8178	1
4247	0
13955	0
20422	0
15388	0
20892	0
3442	0
4241	0
82	1
15478	0
15479	0
24846	0
13683	0
6943	0
5529	0
6941	0
15477	0
16742	0
5497	0
25844	0
9414	1
11175	0
14414	0
46	6
25849	0
14419	2
45	10
2298	1
1549	0
10356	0
7468	0
1560	0
1293	0
1563	1
23506	0
17419	0
14171	0
8398	0
18870	0
8391	0
12806	0
8553	1
12552	0
12553	2
12802	0
12803	0
23628	1
12801	0
8558	0
17118	0
23622	0
23623	1
23620	0
23621	0
16837	0
6544	0
6543	0
5639	2
6541	0
1860	0
5634	0
5636	0
22318	1
16347	0
5632	0
4106	0
3197	1
3196	0
3195	0
3194	1
3193	0
25934	1
17683	0
25937	0
25931	0
3199	0
16429	0
