763
5232
5227
4920
634
1835
7047
71399
18
751
645
4415
1720
1753
3527
7592
16248
7437
5813
7040
1641
143
1533
737
390
18955
1299
4969
5224
50463
7687
3415
1501
2704
44
637
1621
10698
136
11780
1029
64
1749
3092
5382
4360
6774
9412
837
7392
600
790
27765
118
6003
791
1619
5956
1725
44812
1577
3281
1885
72346
699
629
849
492
8183
733
71388
2408
4607
12639
2497
824
7394
1189
3428
616
1517
11744
49
2509
4547
1209
395
1690
5953
368
1396
1719
3783
4282
2239
1437
2647
2969
2893
650
1617
3892
2275
5952
607
6586
3014
5519
12368
15941
11239
9057
18693
27
77
725
1398
1778
1440
4161
5076
6669
4259
2277
5958
8296
14552
7843
1191
1756
2433
1596
3398
682
7579
5503
1399
1401
1783
2051
1623
770
19334
3655
2839
1634
6931
4716
10064
19104
67832
119
1278
145
4120
4414
4617
2686
7408
8776
3523
8196
2705
62
1
726
918
1911
1016
2066
6059
2644
4931
5140
5209
1537
1059
5144
8588
3866
6765
1733
45351
47741
67
686
738
1179
696
1894
883
1615
2694
307
2984
1606
1368
3410
3426
4511
11240
5760
1035
6562
4093
7512
6393
17790
13125
25200
58504
55207
72446
138
776
843
1173
1190
1741
2232
685
217
2435
2444
2512
2646
2895
1817
3718
4095
7693
4260
831
1813
6864
2888
17649
16898
5425
24586
22898
15607
8755
4633
1869
63685
135
715
730
999
998
1075
446
1905
2321
2867
3065
3499
4416
5038
7929
4959
5177
5951
6871
1553
7310
1805
1849
13634
22696
6100
22421
4458
19406
20123
29176
19042
4501
18915
66633
11167
6769
17
1164
1390
1908
2995
2980
3075
3185
1429
3432
3501
4046
4423
4454
6633
2128
3210
1614
11188
20616
7841
6595
5639
7207
7758
15048
35691
39387
9077
12510
21
110
130
717
735
780
794
661
1255
854
1613
1898
3505
952
2958
2602
3509
3510
5250
22359
4278
4422
3226
1441
6653
5431
4177
6741
1816
9534
5373
5539
3678
14122
5722
8648
6830
6483
4486
881
4300
18346
10413
20308
18738
6229
32485
12231
22513
6013
17556
43647
9164
48580
33597
28
74
92
295
388
551
438
318
1274
1392
1751
1775
1892
2115
2220
172
2654
610
3483
951
973
1818
2687
3502
3922
5205
5972
14560
23977
3828
1863
294
2189
6326
9258
1857
7248
10599
7110
5309
7872
11225
6016
1991
17012
10132
17911
26408
7572
5999
8956
1625
3847
2709
22689
20181
11567
16375
25595
39928
8469
43990
18582
32367
46908
19474
21014
14
46
115
125
128
401
443
1181
1023
1400
1909
2120
2215
704
1020
590
342
927
997
2528
2636
768
5299
3249
5934
71400
3346
1918
5758
6489
3554
1288
1516
4037
4616
4867
1439
1694
4974
1433
5203
5272
3850
6557
6689
6878
984
7578
201
9312
8217
5371
10674
3924
8592
539
2883
4160
12066
6897
16129
5791
12754
19107
5432
12573
10478
11198
11190
25127
1947
22906
21638
2693
2394
8909
8616
6508
12591
3536
30148
3201
12058
7778
24555
11987
24430
48427
23729
24012
53850
31070
33757
21264
5053
68980
29586
0
13
35
59
85
120
127
563
789
508
620
993
1177
1250
1207
1409
1715
432
850
1904
2059
1815
2464
2498
2800
2956
3683
1432
5063
2272
2864
3420
4163
1227
2988
3173
3369
2284
3857
3984
4047
4165
5818
6159
6320
6565
6622
938
4230
343
970
4688
4950
4963
5104
5139
1372
5113
1518
71401
2281
4544
6613
6719
2169
3945
352
9020
1487
4451
9419
8714
5032
9846
7427
12008
4176
10977
5216
6824
11753
11330
12771
15528
6574
6523
1663
5215
25410
12896
4209
26161
7900
16643
4455
21794
36150
1447
22001
22348
31014
14645
7140
11075
23596
28804
34482
23805
19330
11724
27052
36029
12899
24283
5435
18223
31280
30460
6028
50420
13214
26738
43452
28397
35011
50140
71529
67877
40607
14703
45052
56203
31
40
66
75
84
96
104
107
223
225
786
301
408
549
559
586
1178
1185
195
374
546
853
994
1036
1304
1576
440
703
1754
1779
1438
1906
1907
431
1572
2033
2225
942
1589
1668
282
2501
419
680
888
1431
1507
2144
2151
2634
2649
2656
198
554
2896
2425
2982
3189
2070
3434
3439
4098
4354
5969
6420
7511
11968
3684
3685
4040
1494
4096
4984
2147
1434
1882
5208
1709
6430
1860
1017
4183
7172
4211
5488
1814
5033
8363
3345
9478
9479
9639
163
7593
8065
4190
3632
11224
6018
1727
7035
8413
11519
35093
55717
1674
8153
9582
12698
6158
13684
13861
13442
10951
14108
6668
12741
16202
20869
9102
10485
2623
5862
12571
13085
6658
12584
16362
20072
21801
21938
1360
7371
10476
11750
9091
19368
4305
3865
6594
6004
10366
5164
21634
1491
9651
20787
2748
5090
12960
21541
19790
5222
14553
19809
20275
3204
28526
19859
27084
1841
20196
13948
1830
13136
14244
32580
32043
20211
14419
17907
7817
7971
30640
6776
20758
18661
22345
1683
3227
20258
15950
9739
3161
24100
23480
40277
43527
59260
24002
15771
6835
27477
56089
29280
58810
65259
69187
52309
67335
69471
25
26
32
34
48
71
788
1163
319
766
1192
6
1014
1276
1111
1393
1405
1407
1408
697
1574
1580
1716
1718
981
1011
556
1453
1903
1910
191
429
2118
1446
2226
2229
2245
2252
161
1098
1102
1204
1546
976
2454
450
3174
3231
3463
3979
4342
7806
925
1472
1635
2637
2714
2201
617
1707
3071
3077
2729
1225
1156
1654
1883
1994
2161
2685
3138
3234
3417
3431
3458
3631
4288
4706
4837
5206
5966
6131
6478
8166
10726
11092
11915
13387
972
1519
709
4315
1471
4412
4417
4426
4081
7105
1618
4976
2105
5142
4538
5674
459
5344
5307
840
4512
4845
7505
2112
8655
7928
2848
1443
3859
8003
9486
5499
3525
3198
10692
10763
9654
12352
12408
4302
3968
5887
12860
16534
34569
13504
13434
13686
1542
16127
6490
19519
12770
1879
8423
13267
13590
10979
4599
17422
2145
16199
7692
7406
8516
1731
15496
16050
22123
7499
18544
15684
6946
4503
9967
14513
11669
10431
11213
5323
31923
7921
12490
13694
6456
18337
22951
11063
71380
1077
25451
12232
8727
12548
2659
14959
12757
6154
20194
8331
7039
7522
14490
17835
15667
8753
24945
11202
19665
23920
22780
34220
1847
22518
36963
37480
12849
20427
72106
72114
1819
33875
16419
8977
14615
31361
16997
8615
32081
6679
20772
30188
20943
20296
24881
10432
17455
13027
47751
40112
19806
24103
17791
33082
6123
15592
4516
50312
7638
19865
43562
35435
33739
21523
23298
41170
55612
44669
32581
4468
39885
8106
68038
30830
31866
31193
33515
36366
10
12
41
50
51
61
68
69
76
83
88
98
102
103
112
134
141
142
409
550
2
413
779
365
979
1008
848
1171
1172
1180
879
1033
1268
394
860
1391
1575
765
1561
1773
1780
1789
1896
1901
1915
187
845
975
1476
2024
2025
2031
2037
2049
2057
2218
2221
2235
2236
2241
2246
451
2303
2316
2366
2375
289
652
971
2463
830
1658
2495
2515
4687
21718
1224
1165
3352
1647
3560
3830
5667
6173
630
4560
5257
3115
3119
3186
3280
3284
488
540
947
1428
1489
1558
2536
2750
2833
3403
3413
3423
3437
3462
3503
3534
4055
4092
5659
5905
6698
7470
9813
10252
10606
12690
14559
14797
16292
19157
3540
3599
3714
4265
4005
3306
4559
4570
4620
1699
920
4977
566
5070
3585
5137
1522
5248
5255
5259
5267
1234
1361
3875
4017
5961
3703
1655
3512
4242
7166
348
4903
7883
3659
7983
9009
9136
1539
3384
7595
9262
8749
9331
10505
7608
7116
9426
9431
9438
9490
7249
9638
9641
9668
5135
4527
6941
4188
10498
10506
4003
3520
1865
3165
1459
1669
2138
7046
7932
8020
10250
11884
4734
5422
6854
10915
12023
16729
23528
5724
10980
7881
10473
14430
20396
9994
1666
8072
22177
9974
13263
14493
5510
13585
8335
15411
5800
8757
7969
12810
10282
4604
13087
18110
18603
16721
5974
12556
21745
4007
8148
10312
1449
4166
8594
8808
12112
16030
17009
14572
17240
3132
10734
14897
16832
4482
11238
20428
11868
16571
22546
21288
6467
7412
10168
18789
19524
1643
13988
19360
17044
11542
1624
4810
21830
12875
16505
3891
10469
8431
3163
12500
27409
8665
11940
2178
6002
24808
19993
1638
10913
19711
23837
19358
11788
6506
10436
14077
5359
24532
16366
7627
28699
29823
8115
14085
29549
10313
12758
19383
14546
14584
21680
11246
23702
25457
28623
20511
6447
11362
28517
15661
21605
10949
16598
19662
34186
41797
6514
30714
19535
40303
34206
33595
12802
27802
22673
22717
813
22530
23586
26662
10134
22297
22301
71486
13478
35969
28494
15340
22606
38710
23909
25928
25136
21163
15020
37373
7832
1461
8215
42393
71415
6970
10477
26045
3521
47799
26560
7863
16964
20646
49628
21873
10852
47222
12282
50720
10879
38924
43747
12826
32781
21959
51908
2622
24644
54077
8916
39053
52948
30213
47937
47725
54155
29106
52137
53661
57938
28276
45944
44774
17401
62543
3190
65545
5698
39722
45707
67417
67422
10869
13878
52552
15146
68721
20118
20352
59625
61595
30339
30464
62522
70615
67891
71755
75872
20
36
39
72
78
93
99
100
124
140
366
398
421
783
793
1003
222
547
965
611
663
1026
1167
564
688
746
1258
1263
210
584
653
684
1319
1322
987
71383
396
805
1748
1786
1788
1893
1897
453
745
769
1642
2035
2046
2048
2053
2067
2068
1620
320
2217
2223
2228
2248
2251
2254
154
315
454
990
2327
2344
2372
404
2453
516
405
1552
2287
2419
2548
2775
3264
3841
913
2631
2635
2641
2650
2605
2757
212
215
239
2791
2821
2872
818
1228
2537
2991
1852
3083
3272
4123
3321
3344
1236
3349
642
1158
1649
2088
2111
3392
3411
3418
3433
3454
3457
3500
3511
4000
4118
4170
4187
4947
4952
5204
5423
6172
6175
6624
7250
8158
8684
8969
18938
19660
20090
72232
3564
3674
570
3716
669
4039
4041
363
4253
4255
4276
4318
4325
4338
644
1445
1677
2205
2289
3149
3852
5474
4618
4619
4002
839
1083
2164
4787
4162
279
5246
5251
5260
5265
5266
643
5386
4853
5621
5630
4207
5766
5776
1632
4164
5941
6040
6042
4205
6166
6285
6384
6419
3143
6561
3990
3964
6736
6904
2123
5304
6102
943
5869
1030
9014
1028
4084
2861
3388
9246
8989
9252
9298
9324
9390
9397
2003
9414
9425
4832
1465
3941
5504
6900
808
3827
10225
707
3030
4405
8239
10370
10378
8514
9458
7507
7042
827
10697
10704
6792
3474
3531
3656
4502
821
6820
11812
3134
10551
2475
5563
7315
7341
12482
20833
2208
7304
11178
9743
9228
9652
13909
1422
4028
6815
14846
14852
4464
10772
11586
10854
3294
12249
9180
6845
8424
15878
18130
10530
4761
2103
17945
6663
15832
10775
18912
8771
6582
6682
27712
9862
7804
10060
14816
13097
6762
6778
8159
15349
13768
15205
9693
14602
16415
1419
10107
12239
12245
19744
4077
6945
15577
17465
7583
3506
11876
17691
12353
12367
3960
4672
7769
1364
4514
6323
1648
11576
9284
20469
26996
5865
2091
8736
18396
16711
11192
11503
12481
14562
14574
16935
18940
18946
34129
19138
6394
3885
14581
7220
15765
2614
8261
18890
12572
20676
3923
23465
4453
8432
17429
19703
19917
12388
21982
22371
10434
7115
8694
13580
11235
13907
20901
37280
25608
2625
19289
12654
15726
19626
11002
8406
2607
7342
16334
26853
7770
3706
1810
12947
3952
11564
9081
4024
8919
11844
14109
17251
12498
12503
14343
3196
12577
18020
4456
18888
18147
28048
48227
28062
28126
13637
8972
22423
26685
3151
10964
11045
18364
15254
12198
18683
10422
5326
6667
10857
26759
8734
3894
17948
17952
2676
3220
7156
31192
9562
1545
7624
22878
8163
1570
14342
15236
24288
31262
34398
35621
38629
56065
71408
73752
29648
5163
8037
22487
12751
2143
10481
12449
14459
20895
32347
41569
17735
6036
22893
4027
4485
6596
14570
18773
19366
24377
73812
16716
19482
21737
14954
4738
25738
25772
5982
21704
12739
25229
29033
8955
30706
30812
31013
13804
19772
10265
31710
71466
18584
2192
8701
10839
11231
14781
24273
19596
18735
12787
21664
23176
36941
12795
32483
31378
13455
9989
11553
20564
41794
40107
4367
20514
8463
18347
21764
21930
41544
12032
41734
17984
10736
32274
19159
12867
12874
24387
5975
10771
56987
19291
11289
9686
12585
17156
41721
7111
36199
19657
21945
34794
44532
45452
16013
22515
20762
20300
19096
4605
11144
35321
22816
35337
28455
26008
21958
25888
13752
22792
10909
6470
6659
26600
33315
18985
2627
39944
11101
14790
20822
24234
10451
22227
27901
19940
20412
42092
34222
816
16458
43056
43120
22894
6353
5989
20768
7370
30782
26181
7764
4590
24972
24934
17400
25956
10748
24378
45777
38871
23883
7957
34248
31367
20223
35567
65083
23975
28433
28655
8123
11100
34902
27291
27854
21677
29409
39618
31569
24026
51306
34117
28894
15083
43043
50311
4727
19055
28992
52242
38562
19238
50721
30778
20487
35360
24037
24052
39877
48168
27462
20200
21981
57961
18362
34149
52133
47818
13181
22905
2584
35378
55178
15851
32707
55555
34447
21987
19066
43604
57403
15564
1856
57695
15791
58137
41939
63978
43578
37611
15624
34823
3244
24734
64299
4237
25398
55785
53814
25368
65662
65717
41367
60367
54681
45933
67275
9277
55115
11789
49992
51886
15004
16585
17114
69130
18900
19230
33756
23249
23497
25330
26307
27702
30720
60256
31798
35355
33367
35054
35108
66715
66486
67529
67811
48666
49804
68528
52993
53919
56542
69307
57188
57978
70705
66856
71308
69092
69464
71697
71869
74631
74676
5
24
29
54
55
58
60
79
80
81
90
91
97
109
133
233
433
722
723
724
736
402
625
664
785
787
1005
1119
1126
1128
917
923
345
415
418
1183
1186
1187
1256
1259
1272
382
916
996
1312
1318
1323
1411
1712
332
1774
1776
1777
1895
1900
1912
286
370
1554
1935
2030
2032
2041
2042
2044
2047
2052
2054
2056
2061
534
1504
2230
2237
2243
2244
2250
185
447
1114
1934
2075
2302
2324
2362
2608
2376
2386
192
373
1024
2440
2446
2452
2456
2483
654
665
2514
592
874
1483
2424
2553
2565
2961
1520
1629
2113
2198
2639
2653
2490
2084
2139
346
376
802
966
1761
2577
2786
2787
2796
3073
2814
2817
2865
2870
2873
448
1025
2174
2696
2899
3836
3899
3932
4339
4766
5617
5761
6431
9997
553
658
1521
2932
2950
2957
2972
2981
3112
3464
3934
4035
4049
4851
3062
3109
3111
3114
3117
2180
932
3172
675
1021
4357
4568
3019
960
323
412
425
632
693
995
1002
1645
1650
2146
3391
3422
3424
3447
3448
3517
3720
3933
3951
3976
3993
4121
4252
4425
4954
5277
5412
5679
6167
6349
6368
7314
8024
8374
11695
13269
14113
14554
14580
15380
17581
71403
71404
2549
3545
3673
1544
3717
2672
4042
4051
4062
4117
4231
4277
4280
4281
4010
4344
4363
3780
4411
4413
4420
4523
2196
4569
4577
4603
4609
6077
679
4700
828
1229
2153
3579
3985
4789
4791
397
4862
3514
4834
4945
4946
4956
4962
4971
5036
5064
5078
4368
5210
1541
4925
5244
5258
5311
4032
5330
5340
5354
4470
4850
5626
822
5648
4208
5661
5675
5882
5935
5957
5960
5965
5968
424
6044
6047
659
2013
4168
1384
2541
4215
5636
6302
6303
5056
6361
6414
6553
6559
6560
3882
5308
5199
6623
6635
6697
3839
6723
1806
1523
2167
6865
6869
6877
6880
4657
6905
5168
6767
6952
7063
4596
7104
7141
1535
3806
7163
7171
7177
7193
2708
7503
5514
4410
7870
7896
7981
3666
7117
8657
3594
8960
8962
7831
2414
5947
1640
3292
5428
6687
6990
8696
9135
9137
4290
9248
924
5027
4383
4855
5380
7936
8750
9303
9307
9323
9327
9338
9341
12307
6458
9376
7346
3946
6598
9415
8002
9445
2420
8383
9484
1661
5581
7301
8426
1636
5831
9505
8973
9557
1511
9591
6583
9051
9635
9665
4076
5098
833
9867
8113
5459
2410
4296
6837
8436
10227
10234
10297
945
3602
9629
17402
4709
5511
6812
2827
10495
10499
7253
10636
11656
499
1853
2194
6678
7730
8016
8564
10676
8857
10691
10700
10701
3228
3826
3935
898
2522
3089
3752
4297
10944
15668
10937
8949
4821
2190
646
2157
2543
6501
11550
708
1155
1840
3311
3477
3856
4841
4988
5003
6388
6856
7247
7837
8782
9704
12181
12665
12677
16173
16250
17656
39169
74411
8154
12821
3586
8869
13679
13693
13695
31084
13216
596
7609
8022
6851
4133
8071
14052
7944
12269
14847
5100
1831
6459
10335
18513
10629
3867
12721
17073
8272
8566
8796
11097
11637
19903
18423
16657
1628
8747
11022
11243
18541
19075
17836
29256
15977
21329
1450
29616
8027
11495
8395
4539
6398
6518
2095
2688
7431
13283
18988
19741
5836
6466
12752
13509
5501
14017
14018
4546
14755
14771
1462
10841
14775
14808
14812
6584
14021
10881
5650
15530
15540
567
11114
7689
9819
8680
12244
24691
25316
5550
15752
17538
16856
17576
5403
8663
17632
17695
7697
9078
10418
12207
12724
18765
19395
13083
1474
4091
18205
3868
9086
10420
5114
18323
1929
31333
40500
11801
18435
18446
13260
11196
12578
12579
15822
16213
18976
21778
22947
5502
6742
10512
10945
19201
5500
7528
8274
9738
19220
14982
15865
7252
15694
3970
23074
17238
8698
14879
1637
23468
14586
23500
19901
19916
24600
7318
24655
743
23672
5720
16937
24782
24827
19233
14515
6771
12962
25143
2764
16359
5782
6163
5518
6838
7435
17451
8722
15697
32333
3958
10550
15312
18682
6130
3570
26221
10845
14078
13075
14880
19064
26216
26277
10824
4193
6011
10062
26373
12624
26387
16936
15161
26478
16037
18697
21189
9032
9983
16882
7384
7461
5730
15576
15585
17261
14529
10956
6804
11425
19877
4182
8966
16502
19670
8501
10982
4490
9496
15677
9957
16309
9612
4223
5588
10820
10855
12468
12470
12496
12499
15326
40305
13408
13703
15741
8719
15652
11965
2179
11143
18500
10559
18775
18116
20480
6829
18797
10414
1559
12186
25785
25787
23105
11349
13579
15825
8180
12289
16991
17223
16386
28066
17521
4613
28175
3207
17431
11054
12096
19929
9025
3122
19827
11256
11501
1478
15114
13373
25710
13729
3136
13369
31459
10735
5343
18007
20209
15399
15239
4394
19737
13020
15115
29096
17944
8802
7084
5600
14717
29196
1855
13413
8375
11138
25198
29273
21090
9745
14894
26180
11146
1548
8280
26160
17170
33245
8188
27981
38298
34342
2427
4085
8862
12635
14331
14349
14401
19764
28891
54167
64157
66140
74302
6592
21027
32270
29621
20135
7290
30432
30493
22471
22479
214
6119
11941
34128
65582
16239
3487
21244
20790
30657
14539
14571
14573
14609
14993
19678
20416
22772
27756
31758
34090
59951
8760
9053
11912
12933
10514
22180
23749
12052
25256
8805
13024
21730
11832
27733
28324
7661
25742
19691
30801
15101
31083
31111
25809
6527
11184
18264
15784
4175
12627
16959
19010
28807
31526
31605
6439
8890
27676
16787
21756
10057
5855
32847
33791
33851
33987
33992
34092
34198
19786
23109
23343
22136
31314
22326
11967
30787
20563
37319
34053
11541
26739
24091
39416
7774
18352
16854
32916
41219
11972
40344
4518
8792
20559
22428
1844
11288
13464
18997
11203
25351
41992
25005
29448
29626
40217
31494
23392
31879
1508
12016
6498
33476
20075
21673
23129
5993
6700
7153
12775
36401
53250
72108
4151
15213
21041
32334
14611
16596
35884
5161
19102
14675
44294
27053
4094
5786
22116
22609
23640
25021
29412
21812
22544
19327
17792
23628
7032
37565
37580
37586
53153
23603
6500
2193
20890
38278
38310
35716
21186
32256
10891
17099
4610
2170
20710
15799
21126
40014
20253
6987
1633
12057
12068
6968
18653
24321
12982
22015
20950
9089
35737
19567
20533
42001
22119
21931
25934
42351
20364
20508
25642
33178
42183
40756
19654
10626
21089
25671
39016
39018
23933
50736
50738
15256
25825
44090
12753
20540
27077
40623
71428
15699
19849
31755
21678
22146
19578
38970
38978
6685
32331
10482
30245
31954
38528
10519
43491
45244
38621
38632
7409
24540
43563
19265
24160
33273
24011
8365
29093
26769
30236
23835
39346
8554
5907
19262
6035
20801
6777
20894
20905
20777
43512
43868
39720
38288
24185
15978
21077
21081
35304
29462
20024
38001
42803
56864
15625
19361
42775
54750
3831
25991
36109
8883
23522
16604
17235
30587
42711
11943
43542
19043
47030
19603
17411
19783
32438
63094
42155
38702
20538
47278
15946
17910
38591
9455
47983
16492
10649
13046
26103
41846
39781
38404
48853
21615
19962
2613
8645
33159
40884
40892
41884
49428
18542
59762
28486
14926
25537
59062
35686
20636
15717
583
20795
37610
4491
46498
20982
31653
31671
42906
21716
26761
20373
35503
33375
33733
33634
31839
38496
29011
21747
58888
21691
19329
36638
5890
38939
38949
23660
30044
36166
54684
10470
25157
34779
36702
36787
48967
51356
24542
23308
41689
22660
45357
42297
6029
18359
13772
10328
47306
28111
32958
754
5170
30722
52062
16883
42534
15777
24434
11342
34232
14906
43373
53253
18796
2628
12967
24978
40110
37239
9898
61548
73530
8462
43788
43410
37879
46685
36160
25400
56966
39494
55573
4660
6744
18277
21010
25294
56873
48707
32672
25954
35516
57145
57152
31841
47058
44995
44997
57992
58022
11287
47137
58128
28510
48313
21583
4475
29855
52753
24624
39688
59392
54015
59471
59775
24000
27990
34131
51869
61091
2213
32136
47499
12311
55608
3701
17162
28975
63092
3495
23612
54539
46258
22022
62306
35391
54547
24860
53217
64089
64674
51559
4682
4857
39743
40173
30467
6214
42289
38427
48676
47902
66926
60345
8873
63966
67489
33460
9748
9883
10066
10410
30502
14072
52598
53307
24768
68778
16054
46795
17024
42443
47810
17755
18159
20370
57582
19728
69352
20343
24177
20677
21432
21470
64900
44879
23305
69710
23396
52738
23719
24834
25071
25286
25308
69925
61248
26447
27867
27936
61892
28234
61971
28541
64632
29410
62424
30190
30436
30808
49002
32015
63365
32049
32432
63998
33755
34148
34507
35059
35070
35901
36239
36391
39007
39150
66150
66154
43314
62952
67202
70755
46272
46326
46416
46735
47541
47845
47996
49058
68410
51741
51770
52298
52361
68569
55671
55738
56527
56844
58075
58078
59006
71152
60150
60204
60440
69962
61954
70038
71203
64415
64779
65972
67204
68557
69276
69700
75871
71470
72164
72178
72794
75478
73234
73417
74732
16
30
33
43
45
63
70
73
82
101
108
111
113
116
129
131
799
333
716
728
732
155
236
303
330
369
445
555
683
777
782
784
1122
436
627
1027
1166
1184
269
434
558
598
890
1248
1262
242
428
1297
1301
1305
1309
1311
1315
1316
1324
1403
1410
1412
1413
1579
1714
1717
701
1772
1913
1914
863
873
1975
2028
2036
2043
2058
2062
1622
2119
2219
2234
2238
2255
194
316
400
455
594
767
867
1587
2069
2265
2307
2308
2322
2335
2340
2342
2364
10094
403
2373
2379
178
2442
2445
2448
3162
705
1233
1652
2430
334
356
557
674
985
1004
1147
2006
2256
2478
2556
2558
2561
2563
3260
5829
2629
2632
2648
3
299
640
2195
3154
4069
273
324
406
439
460
473
1006
1150
2401
2797
2811
3160
3429
3565
3660
4794
5095
8311
8846
243
565
700
2869
417
676
851
887
1346
1448
1551
2746
2900
2906
2909
3116
3835
3864
3929
3948
4219
4326
4561
7060
250
656
671
944
1112
1232
1235
1237
2429
2927
2936
2938
2939
2941
2946
2975
2985
2986
2992
3983
4705
4929
6979
7130
7565
8245
49738
628
3047
3059
3064
3082
692
2206
3110
3118
3182
1142
2391
3250
3255
3257
3258
3261
3270
3275
3277
3278
4115
4785
228
2675
3328
3337
1353
3350
277
2810
3359
3368
3373
3374
8528
147
955
1479
1484
1657
2160
2200
2572
2728
3039
3167
3405
3412
3419
3421
3425
3427
3438
3442
3445
3450
3485
3497
3919
4030
4064
4122
4202
4614
4676
4691
4696
4753
4939
5109
5627
5789
5811
6039
6084
6247
6755
7731
8061
8784
9454
10856
10975
11333
11834
11852
12636
16316
18218
18931
19674
19742
21560
22252
24608
24864
29026
31304
37691
72215
72219
1953
3124
3543
3550
3551
3559
3601
3677
3690
281
1457
3722
3792
3822
4038
4043
4059
4061
470
4244
4247
4256
4257
4263
4269
4274
4284
4289
826
4327
4330
4377
4418
306
606
1200
1503
4554
4555
4562
4564
4612
4798
5273
13148
4615
2343
4401
4689
4695
4713
4770
694
3995
4353
4724
4788
903
4860
4876
4882
4886
1626
4944
4951
4957
4966
1473
4102
5072
5073
1435
771
4073
3735
5202
5212
2356
2703
3704
4004
5256
5274
5284
1223
3223
5351
5353
747
773
2108
1230
4847
5633
5646
5640
1665
5173
5684
493
1609
5762
5765
5769
5771
5850
5933
5959
5962
5806
6051
6097
668
4757
6168
6169
6174
4149
5702
7938
3386
4919
6101
6369
1531
4375
6421
1455
3156
6476
530
5128
6555
6563
3878
5404
5837
6606
6618
6625
6628
6631
3168
5316
6688
6690
6696
6710
6715
6725
4852
6808
6809
6810
1436
3774
5580
6860
6875
6879
1509
6953
6978
6980
6981
7056
1486
2080
3583
7129
9508
12626
14630
7164
7173
7175
7178
7181
7184
7185
7194
7196
11779
687
3608
1758
7251
3171
6855
8487
3837
7905
8613
8659
2358
5915
9010
9015
1161
9138
9140
3144
7652
8732
9100
9157
248
9160
9161
5833
8941
9191
9197
6095
9224
1423
8150
1976
1417
6509
5451
6760
8699
9316
9321
9330
15653
9356
9359
9363
9365
9385
9388
3738
5051
9402
9406
1646
2826
3225
146
2915
5909
3641
9465
526
2158
4902
5099
9487
9491
2751
7533
9535
9033
3589
8486
1684
5131
9670
2612
3805
4362
5295
9874
9720
10002
10036
10080
10159
10176
10226
5126
2859
6391
1415
10307
9075
9129
1735
2747
5396
10395
10497
10504
2769
4741
5055
7490
6324
6949
18902
5795
1240
1500
5848
6412
6517
10680
10681
711
10693
10696
10703
10705
7744
10838
1961
4432
4513
5565
7517
7796
11497
19655
20136
25471
2700
2881
11701
11704
11707
2535
6006
8985
11763
11766
11774
6075
10792
19885
22543
2286
6657
11195
8634
12301
12306
490
497
591
613
1151
1352
2019
2292
4895
4989
5189
6070
8169
8200
8831
8929
9567
10195
10347
10832
11624
11945
12413
12669
12679
12705
12710
15466
16135
19370
23535
37134
74434
12823
21392
3730
11515
13433
7400
3591
7513
7732
13688
19162
72002
13904
2743
12342
4174
5977
6183
8552
1670
1757
6819
11606
12914
16102
16104
16125
2835
8532
7549
15984
20529
8768
15113
4088
7404
7531
8987
11298
11397
12736
20166
21065
35373
8512
20601
3988
11201
20870
4807
14254
21363
23631
1697
22631
4218
6975
13368
13949
3998
7714
11180
11226
3090
6074
7777
8248
14649
17914
20884
30991
13348
1562
8901
14960
1692
4600
18011
27570
19012
3582
2853
19419
15948
8712
7585
8867
11489
11557
11658
2889
11677
11688
1481
4606
4844
5515
13265
13276
13280
13310
13322
13324
47839
13389
7124
12369
13446
13503
13505
8219
7524
13589
7480
6947
12512
13821
7128
11969
13942
13960
12604
14020
18184
8242
8764
11654
9682
8775
13180
14798
7618
8738
14107
15350
15357
11600
13196
15419
5530
3778
4736
7642
10548
14862
15525
15531
29772
15544
71565
16569
4216
3926
11796
8824
10291
9715
9148
15971
11861
5383
10589
12105
11161
12229
12241
12253
12255
16361
10029
11875
1682
5522
5874
7749
10803
15139
16414
5091
5313
7407
10895
16184
17619
17639
17658
17666
1526
3860
8171
8177
17685
17700
1651
8325
1832
4407
7095
7121
7787
10109
11228
18927
20414
23699
28059
2176
2471
4927
5542
5896
6376
7590
10241
13002
13090
13091
14881
20744
21038
21449
595
10196
10294
593
12034
3140
6477
16702
18291
968
4232
12614
18302
18312
18318
18328
20899
71579
11008
6327
14629
18416
18422
18427
4745
18573
8156
1667
4673
5889
6587
8161
8182
11191
14002
14548
18860
18942
18973
23424
35193
41541
4752
6656
7426
7576
7725
13063
16811
19195
19196
19204
33776
37758
3301
5888
5992
19218
19221
19225
38968
11111
1644
11479
13199
14403
13669
15568
16283
677
2148
15443
10483
23279
16029
23329
16893
23387
10472
11581
17715
23485
23486
11429
11573
19912
15824
16834
20032
23673
24590
24591
7738
24681
24682
20577
24717
12565
14788
24781
24828
11543
23874
8093
15621
16205
16795
12803
14509
15998
20155
10458
7074
11572
25169
10860
15609
3900
3986
2594
25324
23459
3515
11747
15591
18540
18924
519
2209
4508
5134
6024
7294
7931
8986
10511
16337
23999
25417
25425
26599
7665
25617
58125
72451
12222
18578
25624
52217
9755
10314
22547
26329
26330
1467
1845
5917
16911
20366
26377
2188
26401
26420
6397
16869
12953
21780
9766
15487
26436
26438
26457
10202
8988
15160
15102
458
962
7345
7458
2203
8558
15584
5469
13115
17039
7924
17262
6104
14065
21484
14535
16372
21640
22339
6457
25469
16859
26779
7727
20224
26806
7676
26908
22651
13451
16956
7925
11568
2154
7915
8525
7594
12945
26098
16312
16315
10309
16836
3869
8705
12915
18088
18842
20091
7289
8942
9444
27034
27035
20212
4295
27389
8434
4200
4671
12749
22475
72959
11162
3287
6450
7041
7664
8853
8996
9768
10800
12447
26264
27348
28297
32110
46169
58388
13001
11010
19530
27411
27412
27416
11956
11386
27469
8055
16901
10898
8129
16026
20219
4097
13029
16595
10950
15222
26677
8733
27723
16661
30296
8978
18779
21769
30910
4457
23025
23563
32791
19994
4913
13123
20445
4006
15802
25786
19506
4356
7735
10010
27993
1555
2199
16186
22573
3245
10259
11271
12126
14555
18502
23254
28047
14890
19693
22761
28063
6545
8711
20570
24136
28142
28145
19735
20347
12019
19871
18680
21025
28707
12462
9895
28842
27899
30151
23004
23657
7914
11006
12197
12199
12204
25899
10171
30442
19123
31457
16861
32569
21180
25966
32981
7772
39164
39275
4643
17909
18345
25828
45985
8791
24577
8844
8845
7813
9523
11825
14126
14132
24441
14447
6008
7688
12332
13035
15105
15126
15136
19505
21096
53936
4507
12723
17961
17997
18053
8789
11738
14866
25347
4029
16700
6895
5240
8603
11644
14381
15252
21100
29266
27324
29044
3148
5543
8674
27644
4632
13142
14884
29346
8921
16591
21929
19324
15848
19595
26585
18989
20148
36967
12616
15509
30951
8803
18504
15162
36555
37377
17080
26355
44247
44253
44268
47972
202
2012
3125
3577
3817
6244
6573
8860
9127
9243
10809
11310
11500
12106
13167
13903
14303
14321
14339
14345
14350
14358
14373
14374
14385
21243
21333
23507
30313
32990
33240
35285
36089
38646
41704
45607
46535
50564
65735
67670
73784
74044
74057
10145
11664
12048
15271
19432
21495
21497
21498
16813
7766
20045
7142
3787
7147
14699
14966
29795
20293
29827
18010
23300
27105
27106
757
17756
27349
16868
16870
4390
20127
10428
31530
22482
1812
6504
6676
15809
18654
20727
23315
30568
797
1482
6811
8094
12441
13955
14003
15671
16036
16398
19117
20597
22225
27342
38856
40148
45237
58972
73683
73713
75837
13654
19612
29086
18387
3981
16249
1563
6023
20278
21311
23397
23767
24863
25697
29713
19819
7107
8351
32378
1822
4484
12576
13788
14498
14512
14516
14533
14538
14541
14542
14551
14579
14582
14583
14591
19369
19760
21685
21972
22370
22845
23171
26706
29557
30434
32484
6660
16139
16217
15457
14892
18755
3504
19315
19319
14001
20233
4478
19930
21571
19349
21734
9550
14956
6684
15369
18344
23956
71411
5024
15052
16889
11093
16603
19021
13150
3508
7048
7067
12937
19646
29981
20441
16954
20042
30800
11872
30902
22307
3316
10183
21834
31101
6155
5610
19752
23627
3524
9605
15783
16377
19701
3890
19832
21598
21759
31536
31549
4626
18686
22773
24188
25467
31700
31712
35012
25235
32422
22848
25507
33018
33019
18715
7083
22497
15190
19729
144
10070
18714
20518
21546
22381
23602
33854
34087
11185
24025
32854
12173
27049
34350
10467
16382
15366
35182
6791
5835
12913
31925
36940
37324
37726
30336
1612
7082
12028
31308
18595
15945
20365
31419
6528
7620
29336
13710
19469
21941
4809
15876
29451
41376
1538
21380
31486
12212
12917
16939
20362
21703
28267
25984
37046
31578
3918
41189
24256
5839
12359
9407
5505
20756
13345
16894
28572
1861
7532
10315
19566
24950
28616
30429
34519
46997
20201
33390
43125
22587
18373
11394
12830
22003
23834
15696
17227
47878
17486
33511
50101
54766
5162
16543
19473
32223
5828
18066
32281
1557
21318
21321
11227
24371
33644
33658
20306
6495
33512
12285
17582
4376
10317
15714
21672
10030
35270
35272
35274
35276
13104
16395
18152
21307
22669
22679
26169
60266
70216
10153
10387
21024
22224
5303
19695
34297
22232
35893
7544
13217
9794
16289
10642
13569
14895
16403
24125
34896
42074
23568
20821
15167
36198
26558
36234
19779
18202
20357
22274
22363
37111
37118
39860
43494
49732
51004
59465
71613
75842
12807
9058
5737
26645
32753
32313
33427
33428
33429
18000
22443
7640
4395
19664
19681
19689
18269
20703
21823
44593
20463
22535
7418
16895
24675
31575
32900
19874
10419
33500
19332
37021
11205
21312
23349
24732
37091
37096
37099
20513
1862
33069
37141
17819
25751
33945
24454
8232
24617
10178
16033
16947
21622
21721
23717
31319
34197
35332
36240
37563
37564
32346
37767
21099
5893
21108
10442
15764
38246
20738
21064
13784
38367
6021
17889
7546
18023
26654
13939
24203
17166
36544
16474
35490
22642
37651
35943
39303
8132
10899
36482
13713
28309
15262
37424
39745
1534
20713
6484
33312
5513
20062
24169
26165
63424
39862
39887
39931
18987
10825
19339
25334
9085
34518
20826
5531
48081
28959
33119
13153
3962
23720
24072
6928
12046
34409
38456
40747
40750
2701
36557
23198
12912
15810
40946
40951
19936
21129
28359
12789
22408
12763
35076
21215
35293
35003
5325
26021
32989
37225
20892
29999
8279
36853
30829
10325
38559
7422
16814
20417
25688
25915
25597
28879
33398
25997
45323
21212
26417
12509
16945
21934
66072
7307
12762
12794
22851
8097
30286
7784
7791
5496
25664
9271
19015
6944
34377
25485
15881
22605
41451
41459
23418
9943
13159
5843
41672
15238
43729
7723
4217
28539
43926
9344
39000
28805
29058
15021
1502
18986
20204
27051
21722
44333
4677
19759
19761
25897
41009
11560
15751
20799
16149
17854
17858
23456
44496
20625
44619
26441
17603
7874
34549
21604
11234
24272
24274
44707
15757
55274
13353
44822
44823
15150
16685
24129
8258
16063
32123
37458
41878
24774
34735
20549
38635
40386
12776
12781
4488
24162
45291
21839
17789
41243
266
45434
45437
16053
45482
22908
11577
45536
45602
8025
32978
31424
7571
56569
23841
1373
8877
12528
20954
73129
73134
35031
21977
41025
39926
55069
20297
11021
32594
8804
11182
4023
30435
40434
38874
17488
21059
24846
32796
34247
35376
11978
19355
20026
20961
25293
34608
35546
48418
57134
24647
32070
42813
40918
46789
14413
13325
4487
12809
46902
46680
8746
46677
28821
24137
24152
35565
66634
14436
30578
5997
8035
14883
26037
15365
12730
19555
32735
5529
9660
21754
63183
32221
23000
15116
26846
12162
12167
9990
23303
47304
42098
17580
5191
1736
8542
24954
38595
35991
46083
15953
32032
1146
42057
40269
48280
33320
9827
10644
48433
28467
22367
26101
37665
17786
43954
48499
48558
30294
44801
463
33339
10617
27855
44871
24992
13650
34133
11081
498
49044
507
23103
511
515
30448
24990
22853
45114
47662
49344
40908
40911
12002
33304
37599
57035
22843
28633
6373
22255
35201
40388
53426
56047
10749
1833
29624
29890
35577
37539
44982
8202
23794
24182
2773
43630
43639
30027
52135
30854
40852
26952
23655
35194
49854
49876
49886
20650
20654
20669
47985
24241
11792
49993
26067
38100
38474
48686
6665
34887
2660
30759
46491
46503
46507
17508
31554
59388
23707
50090
11904
11949
11989
25998
28239
31945
22305
19024
25940
8186
50146
23132
24911
46714
50268
50306
50313
50329
50358
36038
35340
21686
19942
15716
22167
33878
13742
40527
42954
45669
32253
57964
75265
14762
28264
41759
28014
47220
24831
37548
23727
31278
61911
46696
30858
75544
22909
29961
48420
48690
50685
50710
67985
22946
50837
24064
45361
30473
38950
39069
27658
40810
48450
54324
10256
24047
24061
43156
50956
51097
51138
23333
48774
51171
51175
28801
24208
49104
36816
12319
47691
49219
26291
51311
51347
51358
27687
45949
24200
30207
32192
37551
68616
19231
20133
5875
21305
38527
51710
24293
40495
43651
42525
51480
51760
21687
32343
7402
30616
38413
45349
50869
714
13774
28094
34264
48176
40717
5943
28625
28636
37856
22907
52374
3829
47760
46277
48071
37934
33783
52520
11874
24920
30503
47465
28034
57721
37265
68859
6436
22925
41733
28524
22818
23079
43309
52837
49699
44114
22984
56685
56813
56979
16035
23104
33981
52772
42539
53093
37613
33072
43531
51245
53030
14992
807
34266
23313
41265
44885
23214
38962
29391
865
53752
40183
32946
53955
11643
936
23866
23935
31358
73938
38523
57071
73501
73580
47906
54115
38888
54522
2390
34782
39502
28547
28552
54723
21339
46847
16967
32871
37894
37928
37931
45908
55834
60711
17173
55048
5187
14888
1137
22439
32586
18174
51842
54001
58193
25019
23664
47556
55811
1335
55972
14708
56159
53557
56211
30760
21443
56517
19264
41051
34228
56733
52193
7745
28279
57140
49505
1464
21751
34728
34729
48896
21840
46039
26763
28364
51392
54428
57854
21395
9597
36080
17171
23307
43154
43159
30461
49712
12819
44144
41244
58208
40045
30495
55938
26233
42069
42083
10275
58699
22969
43406
43411
43414
43431
43439
73598
29088
1672
15852
37624
71509
59059
59075
15560
59129
47621
37684
54638
23346
16183
41896
59452
58323
23827
59914
49603
56369
59994
23112
35513
35461
60052
32885
53017
60149
34122
70660
60168
57889
60263
31832
60533
71438
46656
19552
31593
8191
36346
56371
60954
60970
25901
34693
2271
27564
57451
2395
10738
47869
27223
6709
40363
61635
61415
2597
27833
44638
7563
62077
62140
2913
53112
53317
28407
32467
3221
62692
30619
62823
57137
21265
3484
31322
63098
52841
60199
58066
31375
31784
21753
37802
3665
3771
62309
63571
62016
63643
45430
57302
13881
44156
63835
21328
63145
51338
19090
34219
39214
64575
35564
63001
4755
55404
51414
16910
14922
5157
65222
5166
52703
35122
14652
62153
62647
68779
71544
69398
75516
61135
33443
60180
65480
65503
5445
5590
5653
65656
65657
5739
5817
5925
39836
33746
5990
61129
26953
65927
53938
26741
6079
63411
6094
66006
6197
6210
66046
40029
41072
66204
52262
17284
61856
62875
66404
66411
6847
6909
6935
7267
63443
66723
7552
7560
7682
66892
57121
44811
46307
8111
8126
65728
28576
62197
8417
61445
67267
9542
38783
8679
9703
24687
8920
36334
18093
21662
16726
9267
9269
47383
9763
59570
9887
10228
67734
10350
46368
10402
10576
10592
10614
35512
10928
10971
48908
62415
67941
11396
11412
11609
11818
11921
24726
68329
62192
67976
58596
21297
12922
67730
51672
13359
68467
51976
13563
13692
52181
13816
13967
52278
14023
52329
27360
14059
66015
14472
14663
14706
14853
14871
68703
15049
15328
15464
53542
68777
15663
68801
26442
15883
15898
16373
54590
40557
16529
16671
46467
54352
54692
16767
54703
60465
16970
16976
17006
17182
17345
55157
17967
18132
18169
43197
18719
61533
18919
69215
19178
19362
19478
67512
19560
19568
19584
19839
37552
19975
20085
64398
49275
20682
20969
21267
58333
21676
22493
22567
69675
23082
59479
23212
23481
23649
23662
23954
45280
24301
60321
24451
24456
60339
24529
24534
24560
60516
24833
60609
60615
25114
25146
25210
25251
60808
25355
25442
60868
25514
25563
25950
26308
26325
61261
27200
27222
27516
27638
48895
27781
61814
27903
32085
61940
28328
62009
28419
28586
54511
70060
28763
28776
62187
62188
29238
29320
29806
29892
29901
29912
30028
30032
30989
63044
31293
31399
31444
31467
31838
63462
32291
32328
32593
32611
32814
33136
68297
33151
33328
33598
33625
63991
33752
33973
34098
34102
34289
34440
34562
34589
64423
34859
34883
35061
70418
35696
70429
64818
36495
36574
36575
36973
36995
37140
37162
37228
37492
70485
38094
38860
39207
39350
39734
40030
40317
40674
70599
40932
40970
40986
41069
66155
41412
41651
41762
41830
42477
42558
42937
43284
43290
43780
43790
43902
44371
44754
45111
45241
45453
45517
46354
46384
67436
47305
47342
47713
47898
47949
48387
70884
48655
48671
48800
49357
49411
50060
50061
50080
50118
50191
50676
50753
69184
51478
58074
51911
52102
68488
52155
52175
52528
52537
68578
52650
52775
52832
52845
53036
53480
68833
54668
54822
71023
54949
54962
62497
55217
55248
55325
71056
64153
56283
56467
69279
56875
56935
57075
69359
57291
57658
58422
64448
58935
59121
59895
60261
60717
60907
60921
61283
69949
61761
61934
62323
62653
62815
63193
63369
63403
63441
63901
63992
64233
64339
64374
64385
64563
64864
64890
65093
65116
70487
70500
71244
65473
65703
66007
66205
66406
66468
66772
70749
67309
67329
67346
68070
68274
68288
68487
68725
69077
71047
69361
69559
71138
70196
70328
70699
70739
70941
71141
71159
71213
71344
71390
71768
71901
71962
71993
72120
72179
72283
72285
72555
72561
72640
72802
72813
72964
73007
73031
73068
73349
73625
73626
73790
73934
74457
74565
74661
74683
74691
74692
75678
74764
74780
74824
74843
74898
74906
74984
75040
75090
75332
75638
75787
75865
4
8
11
15
19
22
42
53
65
87
94
95
117
122
126
132
137
139
310
335
449
588
639
681
719
720
721
729
235
237
437
548
560
775
778
781
792
1022
1106
1108
1109
71389
1118
1129
846
302
344
354
367
385
411
852
1175
1176
231
257
327
329
357
359
378
383
387
407
410
475
597
812
954
1247
1249
1252
1253
1254
1260
1264
1273
1279
156
350
375
386
393
795
961
1010
1298
1306
1314
1320
1321
1395
1397
1402
1404
1406
1581
689
1365
1747
1750
1752
1792
420
1891
1899
340
353
381
452
844
1031
1069
2026
2027
2040
2050
2060
2064
552
1529
2216
2224
2231
2242
2249
175
283
291
317
372
442
457
579
862
896
978
986
1009
1032
1037
1132
1157
2301
2304
2309
2325
2329
2330
2331
2333
2369
2437
2908
4880
71385
1013
300
481
541
878
912
926
989
1145
1379
2349
2434
2449
2459
2460
2461
2467
2470
2484
2491
416
906
991
1202
2472
2493
2496
2500
2504
2513
296
325
360
870
992
1012
2171
2551
2557
2560
649
1206
2101
2630
2633
2638
2640
2642
2651
2652
2655
1460
2710
2712
911
1218
2008
2104
2276
2678
2753
2754
2756
2759
3181
311
739
886
1071
1086
1149
1210
1343
1349
1370
1592
1764
1766
2476
2576
2615
2619
2780
2781
2792
2793
2798
2857
2866
2868
2904
2905
3044
3544
3629
3652
3723
3848
4525
7350
11108
15347
71387
2813
2822
2871
216
229
322
485
487
599
636
825
1143
1152
1211
1388
1527
1532
1568
1602
1630
1673
2142
2290
2901
2907
3120
3279
3414
3440
3766
3901
4109
4550
4556
4557
4739
5778
6522
6761
8513
12755
19743
287
561
609
657
820
838
2156
2928
2931
2942
2943
2944
2947
2948
2949
2951
2960
2963
2965
2968
2970
2973
2977
2987
2990
2993
3040
3086
3107
4329
4345
4955
5881
5908
6055
6112
6160
9848
10522
10912
71394
953
1768
3057
3058
3068
3076
3084
626
3105
3106
909
3159
2381
2422
3177
3184
3187
3188
71398
3251
3252
3256
3259
3262
3266
3274
3276
3282
3283
3286
4070
502
3322
3324
3340
803
3353
3357
305
514
811
956
2140
2698
3358
3360
3361
3363
3365
3370
3377
3694
4314
188
1430
1466
1536
1565
1607
1836
2082
2285
2288
2574
2690
2706
3396
3399
3407
3409
3430
3436
3441
3444
3452
3461
3498
3533
3887
4053
4072
4078
4114
4167
4203
4320
4958
4970
5740
6054
6138
6171
6245
6371
6418
6795
6853
6961
7961
7979
8019
8288
8970
9480
10675
11052
11278
11327
11335
11588
12559
12564
12747
13000
14004
15335
15533
16536
16977
17040
17633
18689
19122
21572
23165
23965
24482
29566
31452
32057
42819
43610
70159
72214
72218
72223
72227
72229
379
1510
2279
2525
3379
3542
3558
3562
3600
1290
3687
3719
3121
1475
3978
670
2291
4048
4052
4065
1732
4116
4124
4186
1051
2107
3169
4245
4272
4273
392
2538
3479
4198
4316
4319
4321
4322
4331
4340
4343
4346
4374
4391
4419
4421
4424
4521
3043
3155
3854
4548
4558
4566
4567
4572
4573
4576
4768
5286
6951
3825
525
536
635
1702
4545
4685
4690
4692
4697
4702
4703
4762
2673
4760
4779
4784
4790
4804
12458
633
5444
4869
4870
4871
4877
4881
4019
3880
4016
4940
4941
4949
4967
4972
4973
4982
4983
2096
5035
290
3035
5061
5062
5065
5074
5077
5328
71405
5103
2590
512
5141
5182
5211
647
1540
2197
3966
4199
4921
5241
5242
5243
5253
5261
5262
5263
5264
5270
5278
5282
5283
5306
6176
361
4034
5318
5338
2680
5387
3240
5413
5414
5417
5418
5559
1072
4849
4908
5392
5410
5614
5616
5620
5622
5628
5632
5642
5612
5658
5660
5676
5678
5680
5681
5683
4075
5763
5768
5774
5775
5799
662
5930
1495
3973
5955
5964
5967
601
1201
2858
5025
6140
6142
6144
6147
358
6038
6041
6045
1884
6053
6114
1454
3028
4825
6263
6264
6267
6270
6277
6282
6283
6292
6299
6390
8001
9600
73080
6305
713
3313
5847
6362
6422
6428
2692
5317
6479
6480
2416
4909
6554
6558
6564
2182
4848
6482
6601
6602
6604
6605
6611
6612
6617
6493
6621
6626
6627
6632
6636
6639
6641
1515
4543
6692
6693
6695
1656
6721
6730
6731
6734
6737
1056
2274
4465
6862
6866
6867
6870
6873
6876
919
6893
1463
1497
4806
6786
6955
6957
6958
6960
6962
6964
6965
6966
7061
7064
2384
7102
7103
5013
5845
6134
1678
4379
7075
7158
7160
7161
7169
7174
7189
7190
7191
7197
7200
313
321
423
8498
8842
10731
691
2257
5196
3004
5107
1469
3007
5509
5594
7882
7885
7887
7888
7890
7891
7894
7051
8047
2350
7376
8081
8082
8084
7918
660
1359
1490
1547
5867
6948
8658
3033
7828
8932
9016
9021
9022
9023
1144
8164
8825
9069
4528
5394
9132
8058
8168
8435
9139
9142
9143
3195
7519
9153
8283
9162
9188
9225
9235
3241
469
484
3202
5605
8851
9253
9254
9257
9260
9263
2152
2212
3874
3921
3939
7536
8754
9087
9288
9289
9292
9294
9295
9296
9299
9300
9302
9310
9314
9315
9318
9319
9322
9333
9335
9345
17007
18343
18964
32059
9361
9362
9364
9366
2546
8128
9380
9382
9383
9384
9386
9389
7387
3216
3770
9398
9400
9404
9405
13386
4891
6014
6763
7137
8526
8700
9417
9421
9430
9432
2855
3496
9469
9471
9475
948
1946
2092
5551
9489
2175
4169
5719
6787
7635
9503
9506
9507
9516
9537
6673
9554
1040
9588
9589
9636
9642
9656
3213
8437
9529
9666
9673
3773
5393
9750
9769
1584
5672
9830
8653
9845
4228
4712
5437
6071
9869
9878
8412
2090
7599
8397
4679
10045
9793
10120
9713
623
3917
10244
5081
10306
7662
10357
10360
10376
10377
3300
3785
5011
5102
7754
8447
10394
11433
17283
255
10396
10404
10453
10492
10496
10500
9116
3302
8677
10596
10598
10607
7622
8029
10638
10639
1470
9056
10661
10663
11552
15187
15373
21247
10672
2481
3588
8112
10682
749
4656
10694
10699
10707
2409
2385
3954
8716
10812
10814
5452
8030
4370
4381
513
930
3742
3769
4517
5370
5376
5449
7125
8130
8414
10768
11376
11380
13735
16651
21538
58913
2684
8976
1675
7444
10494
11697
11699
11703
11712
6581
11292
11683
11765
11809
11811
11813
24909
2488
11883
11885
11887
7488
483
882
891
900
908
1363
1383
1492
1937
1980
2204
2542
3023
3127
3293
3737
4221
4358
4430
4728
4805
4887
4892
5048
5060
5483
5537
5548
5599
5606
5651
5673
5709
5756
6221
6593
7243
7329
7332
7377
7381
7658
7733
7910
7922
8017
8023
8076
8218
8428
8673
8834
8839
9170
9575
9731
9791
10239
10591
10669
11058
11301
11363
11641
11845
11863
12164
12272
12315
12416
12494
12662
12666
12668
12670
12683
12704
12712
12932
12964
13262
13380
13814
14737
15400
15504
15846
16253
16448
18212
18243
18508
20309
20647
21616
22622
23566
24971
28283
29136
29198
29360
30900
33462
34214
36472
37341
38692
54325
57633
59545
74388
74429
74436
74443
74444
74451
74453
6487
8523
10656
11496
15097
26412
224
6126
11312
8433
8880
13492
4359
6402
7372
7485
13687
17244
44175
1701
8817
13835
2999
9732
13858
29270
62372
8316
4080
4751
4775
6215
10097
10858
4178
4179
14051
21818
60676
1971
3212
4031
4154
6649
9828
14424
14437
1530
3896
3897
5312
6012
11163
11562
14844
14848
14849
4157
8362
10000
10721
10874
10976
16047
16108
16110
16113
16117
16121
16124
10624
18015
15708
19745
1550
3797
3938
5441
7151
8273
8593
8781
8953
9995
11947
12598
18592
2181
3987
4918
5310
6747
7534
8269
8271
8292
9172
11574
14870
19608
1874
6321
11001
12785
16887
17912
17933
20871
1566
4105
5586
6654
13195
16212
21352
21358
21365
21367
1680
3838
11257
13198
19280
6162
12952
23066
23067
6588
8370
4681
16221
19462
20503
13274
18881
27926
1848
1928
8244
9719
14514
14632
15210
16733
17286
17288
28909
28911
28917
28922
28925
33630
3879
13963
26800
10257
2163
6087
10914
8247
4306
17357
9740
8262
71460
10487
24677
33893
38994
8772
8777
8790
15409
26737
1195
3133
7559
8756
10886
11493
11494
11521
11555
3091
5750
7589
11623
11659
967
5357
11687
11692
864
4930
6081
6103
8439
8884
10632
12602
12618
12878
12966
13170
13264
13271
13273
13277
13279
13282
13284
13286
13287
13289
13291
13293
13299
13304
13308
13323
13560
21002
28157
30208
37438
53000
5948
13388
8570
13420
13507
13508
13510
13511
13551
13587
13591
12210
207
8587
12427
12371
8475
1456
4195
4472
14015
14016
15921
20750
23128
6858
8249
8250
8251
8254
8293
7940
11652
11653
12941
2392
14733
7636
14748
14750
14759
7644
7960
6494
3507
13079
6797
14948
12453
12551
14557
15348
15351
15354
5180
15395
7386
1964
3137
15407
21710
14098
15418
11583
9624
14317
602
2604
3097
4143
6572
7850
10385
11177
12744
12928
13139
14687
15517
15522
15529
15532
15534
15537
6078
15542
4450
8421
16634
5784
5885
9839
12891
3636
11116
11121
5154
6677
10521
7912
9280
15910
12428
15968
2689
3992
9820
9821
11547
12339
5895
8096
12234
12250
12251
12252
12260
17953
24215
12323
16537
8499
3572
16928
15003
17447
666
1378
3840
4001
4373
6712
6849
8317
9782
10184
12533
12552
13013
13764
15071
15194
15360
18107
19100
24492
31292
5755
17533
17535
17539
11183
16279
17575
17608
17615
4601
6223
7034
8872
11481
13745
16756
17622
17630
17638
17642
17644
17646
17653
17659
17669
17670
17672
17673
17674
1639
8697
11389
12208
13700
14115
17687
17704
17705
5478
7701
8080
8324
8326
482
819
6374
7526
7792
7947
8114
8368
8688
11277
11456
12346
12363
12365
19932
22147
22178
23412
27319
27486
27596
29867
33036
33502
40887
44459
44587
59361
71937
71949
1851
4480
6017
7380
8122
8281
8438
10554
10621
10802
12746
12788
12908
13084
13088
13092
13094
18965
19414
20673
20717
20900
23840
25654
28766
40740
6680
7716
10840
14261
14269
510
1798
2600
17055
18083
18085
11171
7966
8384
15144
16547
18098
18101
18104
18127
18128
2089
7317
18186
18187
5873
8314
12120
8841
11823
18246
15795
17200
18259
5715
13662
18290
18293
6090
9759
11785
18297
18310
18313
18329
18330
6020
14523
3803
4018
4026
4582
5692
8744
9727
10040
10126
13849
22992
25839
27956
39453
71570
71577
71583
71594
8230
11797
11799
16242
2850
10182
15076
2917
11370
5156
1356
8458
10269
11640
11857
12608
18393
18399
18411
18414
18420
18424
18425
18440
18458
18472
18484
18518
18529
18549
18602
18613
6109
8477
18638
2106
10974
18853
18854
8419
1931
2702
10908
11559
12286
14526
16282
18939
18943
18948
18975
18977
28447
31415
53170
72397
1567
10939
15245
2165
11457
19154
2606
3211
5979
7421
9001
10321
10326
10333
11336
11871
19005
19190
19191
19197
19203
19607
20285
20565
33925
57679
19207
6000
6655
7561
7630
7722
9169
13572
15377
16231
16862
18360
19160
19215
19217
19219
19222
19227
28198
57535
19248
1662
11454
16485
16486
21423
17034
2270
5175
5421
10883
17515
18156
21460
17507
10972
5300
7225
7234
8821
15913
15916
16489
16770
5980
13706
21276
21278
6896
11270
16996
11983
12798
13204
17720
23072
23076
9084
19697
22296
23124
9530
20256
9784
20088
20886
15098
21608
23381
23382
23388
16360
3522
13436
1834
21792
22978
23483
23488
5805
6591
8604
8606
8620
15225
15660
19907
19909
19911
16833
4180
14073
4184
6005
24571
2691
15593
16830
19721
20708
23527
24595
24603
9347
13830
24627
24628
24640
8563
14544
16180
24662
24671
17030
8539
24714
24716
24721
3790
8773
14111
18367
19380
24432
24780
24783
24784
24789
24790
14898
18351
24875
7654
7656
10281
15623
6844
10999
16803
3290
13406
13498
18002
16138
25006
4914
25139
25144
25193
24470
13449
3130
25263
25264
25270
25271
8745
25315
11252
12873
25318
25319
25323
25325
10085
25332
25358
10255
10846
10967
25388
1627
3873
4730
9457
9978
10156
11105
11452
11565
11777
12955
13562
15075
15367
16169
17594
18530
19934
21043
21292
21750
21803
23986
23991
25414
25418
31098
32279
40436
51891
56924
58579
60800
4675
6580
10534
10732
14739
15249
15258
15888
15922
19063
19814
25041
25618
27067
73102
10417
19281
11281
4201
5753
6204
8138
10208
15724
15725
23916
16005
19627
19629
20832
8332
19429
21487
26236
4355
3619
17721
26276
26278
26281
26331
8336
14718
15843
17263
21269
26371
26378
28384
31202
31482
48399
2731
26391
26395
26400
26404
26421
11605
26424
26425
26427
17129
2155
17342
26439
17587
26456
22412
26467
26473
19609
23250
25369
5047
12224
22417
25285
26520
26521
26528
26529
150
1047
1090
2071
2914
4204
4771
6180
7324
7325
7336
7343
7344
8952
10934
16455
30842
73258
6318
7452
7454
7456
7494
8568
8569
12504
19299
71137
10884
10960
11783
1664
11898
6814
13227
15579
15580
15582
15583
15586
15587
3711
16079
17219
2571
16512
16513
157
17245
17249
859
2077
6512
17258
17303
17334
17335
1091
6913
21161
21164
17850
21637
15397
22336
11468
3021
21714
10533
16909
17207
20250
26793
11296
6486
18579
23769
26796
26797
5289
18677
18827
26805
11332
11773
21287
26848
18065
10774
11157
13067
603
15620
26930
19465
23629
24976
26937
26938
25377
12089
2186
3950
7920
7941
19694
39515
8520
8524
5214
10978
7666
12950
44280
15675
15676
5364
7277
10439
16320
16323
16326
16828
16829
1424
3876
5998
7205
7395
7875
11571
12786
12811
12907
18349
18830
18833
18834
18836
1925
10633
26223
27016
27026
27031
61705
74894
27218
27228
3492
5001
25670
21995
12864
13992
29957
1569
8425
8427
8441
8133
9619
23296
12219
12221
12223
1505
1800
1926
7907
8032
8467
8508
9038
10471
10850
10851
11901
12436
12469
12472
12477
12483
12484
12506
12507
13733
13857
14125
14392
14912
15490
17880
23224
23231
25567
26768
27726
29510
30496
31235
33234
41951
49171
59420
62804
70167
72321
72333
72334
72335
72337
72342
72345
1513
7144
12991
12992
13577
10992
14399
16523
9495
6437
11217
14296
19471
27421
27423
27429
27430
17159
7776
14636
27465
1989
27496
12857
27526
27532
13187
13188
4856
12731
15654
15655
15657
9171
11175
16000
16004
13474
19520
19523
17213
19455
8045
17983
18647
11313
26726
26727
26729
1480
27352
27700
3782
6474
21870
25298
4808
10558
10561
10565
10566
13036
17903
17908
18865
21105
27718
10634
3232
10486
8474
19960
11455
32174
32179
19514
22206
36186
36187
20143
33563
40447
40448
40451
15860
15864
15866
16061
19403
19405
19412
19413
8584
12195
6499
19949
25593
8344
9204
14939
15797
18867
25780
25782
33079
24817
27896
27897
20140
27916
10916
8127
12534
17482
17827
20446
22199
27968
2100
8595
11236
13726
14782
18616
20875
28002
28003
28005
18008
28010
28012
5687
7491
7615
9272
13219
19892
22195
26314
28036
28037
14537
28069
744
6788
11103
13539
14784
21577
28135
28138
28146
15798
19731
28168
1850
28185
8685
13210
621
10459
11790
17128
19147
25480
30627
37267
5507
8197
5084
11025
11030
11034
11035
11053
11061
11064
11070
20579
72197
3308
12093
12095
12097
9117
13206
15742
16230
14633
9525
18690
18692
21490
9606
8049
13133
71443
71456
14927
27830
28708
28709
28718
905
22457
10747
6481
13529
28759
29121
25922
29640
29643
14741
32017
4799
17602
4107
29858
209
23761
43357
3920
18366
19144
23080
28390
15073
28326
28775
71430
28952
19013
28960
7917
11003
11005
11261
3888
12191
12200
17395
10423
18848
13222
19844
19846
20170
10760
12827
5801
20137
26024
28612
3616
5872
29845
10826
31460
24465
28577
32549
6707
27643
32573
5568
6469
10426
11778
18005
20434
22758
28361
32690
19997
15223
6485
6515
19999
26118
13566
18509
30404
34806
11639
22499
39165
25048
35325
26012
10580
8729
20610
16049
4721
8783
15226
20561
28527
1291
3486
8837
8838
7856
11403
7073
13172
8898
9076
14123
3170
14450
14452
14455
3239
15066
15068
15070
3886
5987
10032
12919
13608
15128
15131
15132
18768
19232
19996
26732
29243
32799
37640
38266
52582
70308
73856
73859
73866
5910
11291
15171
10643
17949
17955
17956
17959
17960
18050
18051
18052
18054
18055
18056
22407
8809
18863
18866
22829
27139
27142
27146
6708
9613
14683
14692
15947
4714
27590
27592
29160
15669
4772
9976
9462
14725
14726
14728
20845
29186
29188
29193
10970
29199
24483
29218
8671
16298
27646
20310
29241
29255
12446
1921
5781
6073
8170
9511
10541
11554
13068
13326
13518
18920
21844
25454
25835
26694
27392
29272
30260
43252
43496
72291
73371
73373
8389
29301
29319
5545
29330
29339
29347
29358
8267
9168
9175
13119
17074
21006
13855
20751
11166
26550
28367
29427
29428
29439
7138
13056
19736
31254
3871
15803
16588
18583
15631
33353
14946
25769
13166
13606
36537
36538
36539
7724
13906
36866
72015
14033
13561
20788
28895
29340
4113
22710
39819
39824
13060
24222
10380
12535
4111
4196
5167
17211
17832
21609
22179
22628
25056
32383
39540
40883
44235
44238
44255
44265
44272
23845
8089
1594
3385
3465
3872
5470
5945
6413
7097
7865
8233
8906
10117
10231
10872
10894
11604
12133
12265
12539
14283
14288
14293
14297
14301
14312
14318
14320
14323
14332
14337
14338
14340
14348
14361
14366
14378
14379
14387
14388
14389
14428
14624
14657
15235
16187
16260
16341
18663
21301
21320
22135
22501
22548
23541
24142
25190
27900
28796
28858
28890
29018
29936
30079
31325
31344
36194
37034
37881
37989
38657
39460
41441
42416
42993
44974
45345
45605
46022
47504
47735
47793
47819
48633
48823
49009
52019
52327
52473
54635
55449
55579
56118
57726
58897
60332
61695
64857
67055
67227
69845
72548
74046
74052
74082
74090
74105
74107
74110
74155
74174
74178
74204
74207
74217
74238
74247
74257
74265
74294
74303
74305
74311
74321
74350
74367
74372
1416
1995
4842
8496
8670
15342
16042
16240
21506
21508
21518
21519
21521
21522
21526
21530
21537
22158
29609
74934
22568
24221
24225
24230
24232
3481
17992
6848
12557
29597
29598
17922
29649
2207
4371
14685
20590
29672
29678
29692
26240
28250
29818
29788
14600
29826
25806
5050
15837
15838
15841
21337
27107
30042
3389
30043
15558
23213
3731
8902
7866
13194
16871
16215
30375
30377
25573
5757
7670
14986
10379
30490
4025
30492
17378
23304
27913
32849
34876
13813
27460
5088
11012
11014
6995
9767
22469
22478
22481
22485
12055
3870
3884
3893
15804
24093
1974
2130
4033
5725
6218
7044
7798
8139
8689
8914
8992
9108
9910
10058
12396
12398
12400
12405
12412
12423
12425
12444
13908
14594
14955
15196
16730
16922
18817
19028
20288
20879
21084
23078
23455
23540
23600
24131
25013
27257
27381
27745
29181
29411
29812
30819
34451
34704
35221
35812
35891
35932
37308
41321
42154
44660
56193
56215
56636
57778
64767
65075
67875
72385
73664
73665
73717
73720
73742
73747
73760
73774
73787
73789
15830
3745
18703
8343
9573
6683
15378
19422
30595
30596
30600
30603
9623
30615
8815
16235
16236
3853
4584
5017
6312
6460
7617
8721
10623
11230
13723
17584
17787
17923
19868
21133
22304
22871
25891
33137
40337
47049
16931
20165
30647
15665
30655
30656
12109
8015
12561
12566
4489
8590
12581
13367
14496
14503
14511
14520
14524
14531
14532
14543
14545
14547
14550
14556
14566
14568
14569
14587
14590
14593
14598
19830
21761
22251
22770
22886
22889
23626
24071
25022
27865
31525
31799
32128
35224
36594
36974
43743
50532
52881
54312
58698
58773
74870
16142
15960
16216
16218
16567
18749
18750
18752
18763
7396
12596
16852
19297
19304
19305
19310
19313
19317
19322
4086
19883
20177
20231
20234
1660
11578
16941
17236
18358
20279
20280
20283
20287
20290
21568
22124
21860
22186
15269
6950
23745
23757
23957
24467
8181
22021
17900
20144
37794
21390
6823
10144
22425
25739
4462
19950
25773
7632
21149
25867
25868
19387
26705
8465
10065
18656
27161
27163
27582
1973
20318
16193
28319
19734
20789
28534
22173
28642
11671
12111
14486
14628
18220
18898
16653
29553
29985
29987
29989
29991
22842
30726
16642
30739
30752
30753
9079
30803
30004
4156
12851
21813
30872
30887
30896
30906
30908
30909
30925
30930
71977
30942
30945
30952
31000
31001
15260
8377
31015
8983
12536
15051
25486
31099
31100
31103
31110
10743
26722
31180
31225
24814
31330
7050
19367
31348
24191
31376
23734
24843
23306
23796
31508
11725
14891
17784
19946
22872
22876
23117
30823
31520
31527
31547
31550
31561
31573
17794
31602
31604
31606
16378
17719
17974
20431
31701
31703
31704
31708
31709
31714
31717
31718
31719
31744
65479
72501
72507
17846
31795
11341
20486
26258
6076
11437
21304
32420
32424
32425
5759
8453
33132
8306
8683
10113
12638
17059
17902
30472
12918
33579
3298
33681
20031
33721
71407
33767
16331
10574
10628
20435
21852
23861
28258
28426
33849
33850
33857
62046
20191
33904
33906
10443
14117
34080
34083
34091
28742
5489
34344
34345
1846
12218
34671
19611
35084
35264
14941
15762
31264
31788
35626
35629
35634
35636
35642
1418
8859
15869
18921
21438
21448
26124
29325
36047
36052
36054
36056
36068
8980
26760
34413
36229
3224
21824
4515
5220
11775
20649
26309
34099
36926
36935
36949
24134
22885
11602
16148
28424
35975
37311
37318
37321
22592
34861
37415
36578
11189
23594
35275
37728
12593
16851
19899
20131
12590
37811
12030
19333
21993
33536
6516
20841
13108
39188
13574
30586
30588
33317
39249
39406
39410
39413
39498
11130
39615
21171
25985
31362
7309
32723
32798
40069
40072
40499
14625
31232
40632
14007
20208
32162
17229
24373
31944
20885
1737
7401
10260
12623
13470
13472
22303
31669
32829
33786
40743
41127
41132
41139
48156
41378
41380
37067
1671
10338
11197
21775
41602
10926
15095
18139
20964
23033
24114
24901
37092
37179
37215
37833
41793
41796
41804
41806
41816
41817
41821
41822
41826
13070
20367
22506
29833
24212
10778
12522
5297
44367
14610
22420
34114
40914
40915
44730
34894
13461
32764
11478
20327
20557
20558
20560
20589
21366
22955
43607
46367
4749
19053
19896
21607
32340
42317
46982
47002
47003
49851
53660
72839
21128
19434
41867
48596
26884
32881
45587
15031
42740
20705
36174
7721
18993
8466
19770
50914
50984
38349
3526
16647
1821
27330
7543
54560
54910
32717
31594
56463
20349
7663
40113
34660
56902
19709
11569
32122
42548
11963
60585
31050
62883
75315
26670
27561
6461
20058
23394
30670
31853
31855
18553
31984
16958
4658
11769
18538
32144
5089
11749
11752
32224
20147
17075
20728
21075
33606
33646
4100
20305
20313
20321
20323
20324
20325
22510
17169
15053
19588
16188
19325
25515
34491
21611
34572
34574
24344
34585
20336
12862
12888
12892
27714
31373
50389
12799
31980
20409
33475
7529
21303
33514
15231
34463
34466
8896
34798
34799
4364
11734
15263
34960
18511
34966
19715
21674
11920
32132
19722
35192
35218
7311
23567
31496
35271
11918
12050
13255
21275
22662
22668
22688
22699
22706
22722
22728
22732
23162
27710
29063
34692
37028
38780
39183
41045
42480
47136
62258
70737
72077
72103
12605
12606
12607
19768
503
1573
5389
10044
21017
21021
21022
21030
21036
22413
16725
26171
26897
27133
27134
28546
6463
19377
5520
12640
35851
12643
12645
21336
23860
30538
35865
12644
25287
26894
16888
24403
35889
35906
35908
38406
10355
7629
71468
36081
12062
20207
20213
13224
16288
15792
17148
18627
18696
20548
20951
20990
22259
24108
25519
32922
37169
41845
42765
43052
44858
73554
75020
75025
3997
28415
33454
33456
22522
25675
5689
263
1876
4997
5039
5779
5787
7405
8870
8923
11126
18984
25150
28937
34356
34359
38941
49473
51697
52549
60825
66019
66963
70091
71307
71605
71615
71621
71624
75176
75183
75188
75212
15199
15211
75142
11409
25804
262
28228
14605
25352
31920
25432
33378
7803
13665
33425
21547
34406
20006
8666
36409
19456
21120
31381
533
6242
7711
17898
30257
30259
30270
36570
36585
36610
3291
15933
16277
17271
19003
19663
19667
19668
19679
19699
19702
19704
19706
19708
19719
21695
12806
20021
21816
21825
8206
19171
19964
20197
22517
22529
22539
7316
17269
19054
19335
58589
17905
20107
32894
32896
32905
27236
8882
20381
10412
20106
37023
37037
37045
16873
16904
6473
13409
20369
23973
33095
37097
37110
29904
19288
21693
10866
37149
8152
8160
37209
68107
25752
30107
17008
37298
11484
26416
37404
31933
36529
13841
33781
37479
37526
9781
11253
16379
21956
23692
25841
27127
31495
33096
37568
37574
37581
63179
73182
37592
23572
23573
23575
23576
23580
23583
23588
23592
32348
22759
29470
37766
12748
21106
21107
21112
27551
21191
20403
33270
8276
38232
38233
5314
38270
21295
38275
38276
38322
13245
38341
7068
7076
33261
38356
38376
3975
4541
25459
38401
5319
18709
13611
17886
18029
5480
13886
5296
32531
32533
38534
15259
3974
25947
12580
12586
12588
38567
38568
20452
38723
32461
37423
17167
17168
17987
18800
18813
18815
16370
35454
36523
18335
38694
39162
39168
33873
13049
34367
871
37647
5593
19798
4621
19754
19550
39317
39318
10896
10910
26584
26596
26598
26601
26605
26609
26610
26616
39451
19346
39461
5824
12963
24367
39476
17070
17088
17096
1823
4159
22380
32092
32614
35029
47217
48474
52125
21268
28362
37427
37430
37436
21748
21856
20097
20684
20687
20688
20689
20695
20699
20712
20714
20771
20946
33313
14046
33302
33523
33532
33533
38461
13477
39911
39930
39935
13466
15270
25367
34906
39989
3584
14114
18736
40013
6025
16963
21379
21940
28700
40055
8690
22244
33397
33810
30410
18172
5554
18507
15158
71650
28380
16057
40102
40420
28095
40429
6091
29611
5994
13149
13151
33439
1726
39182
26681
3205
9209
11137
12037
12071
12072
12079
71957
16608
26673
4239
29525
29526
33660
34405
16262
32842
40752
39649
40877
23257
40771
15341
30534
6705
40823
40827
40835
28018
40868
24090
40948
18609
11248
29909
3895
18793
32736
37451
17013
24329
24331
24332
24334
24338
23002
32240
32242
20162
23886
13829
26018
28538
41346
41348
41352
41365
1525
16495
35006
35738
35741
24309
36527
38706
5546
5723
41548
33956
23134
27573
27680
41561
45787
33238
3587
7414
20089
41596
15033
23659
34584
39247
30466
41663
20603
11098
25648
25653
24239
33260
33263
33266
41917
25686
41969
41971
34909
35668
39652
24282
40177
42003
13837
20817
23545
27391
42210
34545
16812
16147
20388
20389
20398
20402
20411
20413
20437
20800
57355
12894
22165
24813
25926
25930
25935
26578
16234
32398
21440
26575
42357
26532
32657
42385
42390
21564
42417
40216
42484
26297
42487
20515
20516
8056
31930
33181
33189
33191
13776
16368
32217
34273
34281
14604
42572
30387
42583
22870
42593
42595
34457
34465
11147
21326
36147
9764
50901
50903
41430
11207
16457
21211
22429
22009
43075
43078
21838
18694
18699
41067
43134
12801
16586
16934
16938
16940
16946
21932
43175
22745
21847
7321
32758
16652
21300
33032
33033
32220
43267
15949
43319
43329
468
7780
7799
7805
7807
7811
7833
7838
1078
11741
14249
14250
22895
240
7008
25669
25679
26975
22016
27806
29134
12169
33572
9448
17869
37172
12923
18778
39103
38755
19401
25246
25602
40247
41434
41440
41445
41455
41457
43224
43338
43340
23016
34403
43348
43351
13174
9239
24385
17419
25396
41665
41668
43366
31285
23425
38828
29435
6181
22397
6984
160
11895
15251
15266
19331
43726
32006
9773
24266
8597
5506
21242
19597
43783
24355
34210
177
17379
26036
1427
29137
25814
25823
38998
39003
44086
44093
9627
33951
34311
27819
15025
15029
11402
27072
28991
36321
10069
196
44336
9514
11908
18041
19753
19757
33499
34038
14719
20066
8282
8291
15698
39800
41148
41154
1485
44407
17834
17851
28470
30698
7551
24739
16400
18287
19881
7821
6015
22639
15559
44549
25496
30105
44608
44614
44622
34007
44631
14681
14690
41066
44663
44664
21606
24271
8704
32785
32789
44699
23376
42899
46664
27317
35771
44980
65713
32268
26886
20979
41323
44827
20539
1088
44945
31956
31957
28638
24193
23302
45107
45109
18826
23451
8222
45240
34734
20776
28955
32500
36899
38618
38624
38633
38638
38658
38801
16401
17505
34717
43564
45274
35433
8893
12756
12761
12774
12777
12778
12780
12782
12791
18681
22161
5657
11575
24161
24170
24174
33828
35026
39869
45316
25499
45330
8228
19872
259
8329
17172
45388
15047
23912
45407
274
6465
24832
45436
45438
38574
39898
43891
28967
45481
16027
8294
26713
26716
17384
8476
45535
45544
19448
36978
20468
30239
20888
8491
39523
45654
22007
19111
6570
23685
39347
30280
39349
45673
42664
45675
11480
25850
26147
26151
37441
45683
45699
8574
43789
19725
20252
20259
20269
20270
71414
6919
7088
8124
10746
11275
20881
20889
20898
20906
20921
20930
20931
20934
20944
20953
20955
20957
20973
20992
24905
32503
38093
51966
52452
64826
73138
73144
23040
29458
8984
32439
32770
42256
30839
4348
11136
45737
36233
45758
14968
45782
46637
4642
36177
20298
21175
25586
12965
19083
20497
45864
37487
46179
46193
39825
36100
35111
46446
31842
19099
25392
46651
38870
16900
43841
46660
39654
27857
33447
29389
5159
14991
21061
21073
32096
35225
52949
73043
35307
35313
35314
35315
23439
41228
30192
46747
17352
22212
6093
24386
25792
32661
27678
32792
12895
33391
1839
7956
8695
16884
17541
17778
23876
26690
28148
34972
37490
37993
38002
38004
38006
38007
38018
38021
38030
38034
38044
38064
38090
39923
42905
48183
54422
72665
72699
72709
72739
72750
72759
72770
23732
33651
24674
42045
42046
3603
4499
15565
17019
20149
20303
23939
24438
35446
37544
39994
42097
42779
42780
42788
42805
42820
42832
42843
42877
42889
45132
47922
67729
74502
74518
74519
74541
43433
15642
37391
16896
20544
20766
27604
31317
43499
46885
30176
48271
47907
57176
23677
46923
27626
46955
17031
23520
23530
10475
16644
19442
24127
24140
24146
32245
33091
34622
74877
30577
30591
19381
41535
37086
42684
42693
42708
42720
42723
42729
42741
43541
42151
43255
38256
39658
42140
47018
47022
47026
47036
13989
22901
25354
47048
34612
3661
17412
47094
23230
17025
18348
19861
35529
38777
39129
40224
40231
40235
40243
40244
40248
40256
72426
20623
22260
32487
34891
34930
41060
42121
42122
42125
42126
42128
42136
42139
42162
51280
64048
71025
72611
41891
37378
37379
23927
39119
20047
33169
34955
45931
47160
28656
41741
12542
12117
12141
12156
12168
12175
12179
20547
38957
25393
23373
47359
12814
32436
47452
13006
47485
36631
8730
4474
22261
23968
23974
23978
31619
27571
27567
7753
11355
11356
11357
15673
47530
34058
32932
7568
35700
17876
10133
47740
47774
47776
38588
38589
38593
40301
16917
20764
35983
39396
47890
20180
46087
44205
41952
30134
48011
15035
15036
22967
32028
45485
54574
23417
48240
33649
17226
30108
30112
30116
37253
28505
33637
10645
10646
48454
49251
49257
49258
25884
39524
10249
11096
20378
17503
27368
27369
40319
41254
10261
42983
29891
44201
35359
38712
41390
48480
48484
48490
10353
48494
35430
41895
17194
30218
30219
48520
48524
48543
48569
30292
30293
32514
38839
48745
16374
48804
44806
39829
47469
48815
48816
26555
48839
48840
28190
24653
10943
48863
48870
20033
27843
27852
24928
32158
32159
42177
22963
37615
39102
1824
48927
11000
45965
48956
6386
33239
29974
19966
3532
48464
32924
75311
26501
494
11089
37042
18791
2539
49040
35966
24562
30537
42184
31765
41523
11153
521
11309
11319
18219
7972
20099
23437
33155
28333
28443
45118
45127
45163
15629
13987
20027
49264
33327
49292
42059
49297
47182
1838
527
528
11254
49387
36020
16396
31616
24902
49147
16646
21947
40891
40900
21563
37456
48048
48053
64837
40111
49417
2520
22436
49433
41718
30978
42893
31382
18350
26564
37688
48662
16233
20967
22357
22372
22379
58425
18179
18712
19389
22776
22836
22882
22942
20353
25687
25689
27558
13546
19351
19359
21659
28468
28484
32237
40916
41236
51440
55948
60543
72919
72924
72925
72929
72930
72940
32100
4495
11395
14889
19831
21749
22986
32216
33088
33122
38178
51255
63440
72051
34691
35598
32056
38583
16727
19384
23342
42076
43631
43641
43642
43644
45009
23158
9054
49514
3818
54461
21528
24448
48225
48233
16349
43860
11635
11627
22403
33396
35725
41261
15086
20522
26295
9900
25258
20836
21436
37791
49861
571
11759
30526
20626
20630
20640
20655
25536
36465
36467
14626
36513
49904
19513
37604
50002
38473
44637
21875
21884
21891
21899
21901
8925
38678
46299
11959
45891
46489
46493
46497
46515
46516
46517
50038
40992
35110
45959
52394
55093
53651
59066
9611
10474
23185
30712
31652
31665
31667
31670
31675
31676
33012
11344
47812
11946
11953
11979
11991
16369
40035
73869
26001
31947
11736
33876
42907
39528
47476
20030
17498
48132
25993
48404
23853
33299
27357
44077
45368
50823
50213
25720
25721
50231
36327
50271
50310
608
49632
50343
23825
41858
41859
19852
14989
47792
48692
28868
25349
50368
24029
6770
35773
7410
37542
50396
19792
50423
41264
50448
19791
28405
10546
25730
4717
4240
33506
6254
20002
33885
33889
33898
33899
34819
39128
40523
40526
40532
20467
35732
47711
9746
35611
48091
26072
8868
32115
34288
14715
11728
25538
27344
28675
28998
29003
29008
29016
29020
30106
34681
2770
39488
39335
43773
44857
44899
6445
44978
44981
47638
11447
50248
31003
50605
50608
50629
50630
40020
21968
50660
15232
32084
51365
22253
33796
52590
52593
53114
30402
21115
28441
22106
3166
46698
55046
61301
43233
30100
52531
44439
10761
70530
71557
71559
75335
75548
75867
20466
4624
34424
39132
43020
44896
45882
45886
45887
48422
48677
12271
48713
32612
31639
50686
50708
15344
58310
20083
30818
66016
37365
31599
13722
50778
44352
41018
41522
35345
50822
21957
39631
29473
50842
19052
40999
47459
17375
28977
22134
37237
37686
38926
38934
38944
38953
19594
39064
39068
10744
39759
39762
42336
7300
47387
50989
50995
50998
53506
53561
54317
54318
54320
54321
56688
32513
10253
18357
75613
20061
23823
24049
12931
19146
33307
21314
30222
40394
27659
43569
43571
20760
38510
43397
45970
6671
41833
12733
51009
39670
47053
50959
51099
51101
40853
24121
39216
39668
51121
51128
51129
51130
51132
39789
26774
48393
51179
44152
51200
16589
37893
51236
36687
36708
36724
36781
36813
42030
42615
42616
44875
22764
46344
46346
46350
27770
32675
33766
49145
49476
49477
49479
25297
46112
23558
23561
28396
7518
38908
48134
43200
51459
51462
54186
17014
16822
24184
24190
24199
25989
27327
27332
35472
39081
30273
40309
40315
32888
38501
4986
23661
43461
43472
72847
46933
34551
51566
51571
51572
10334
32925
41291
51588
51956
51958
56736
30974
58353
58355
22432
20114
20129
10776
40196
45007
51649
47945
21306
21308
38526
19379
25137
34269
35971
35972
18883
40496
46252
44709
51744
51766
51773
51776
13361
51803
51806
30848
41205
56310
25743
45706
32339
32341
51889
45354
10340
50890
51973
46932
23317
37629
51874
52106
52118
33709
17337
36998
52233
24685
52274
28603
19269
40722
35514
30155
30156
23783
28626
18069
18075
35477
35481
41842
23779
52384
32953
32956
33388
71487
52435
752
14247
756
9952
24311
42455
12601
44600
46211
47402
21414
11428
21245
46279
46280
40160
45685
16960
6471
59139
21469
58292
35215
53486
35124
63062
10627
40709
29593
54371
29603
45504
60527
33569
30007
22912
22923
22939
22945
32772
33562
15937
35545
37873
6022
41494
41495
41502
41512
41515
41724
41729
37536
52664
51634
52684
52687
16381
22017
49446
52816
16717
52827
39257
52834
34094
52843
52878
34205
21777
32684
34914
47655
54229
54232
54240
54242
54247
54249
54275
54280
54286
54933
56667
56980
56982
56986
28269
20110
28317
58474
58619
58967
35173
37069
60209
52781
37807
32665
33063
39512
48741
36621
18283
41712
52896
35105
51244
51246
23890
52925
23355
44173
5903
6026
29663
21150
53048
19249
53049
53056
13327
53176
33837
8461
19726
53249
19991
53259
16719
25886
25889
25892
51419
53276
53285
47581
56806
57251
62314
22333
7726
24097
26710
41716
53339
62420
834
21262
6382
28363
22314
18794
41750
48082
41175
53513
14935
32507
53565
53590
40210
53632
53634
15610
53681
48110
53749
24975
24977
24980
24984
24986
71433
35915
42940
46965
53767
15495
37386
30020
884
23170
53798
32787
32857
32971
22005
32883
53887
1993
20335
20338
16593
41743
939
54093
16384
23856
23871
23879
23881
23882
23887
23888
23891
23892
23905
23908
23910
23914
23922
23928
23936
23947
23948
30174
34265
35515
38314
38996
40993
49064
60007
73949
73994
74019
74023
8054
21937
23725
27005
30696
37898
38120
38121
38142
38164
38188
38191
38208
38212
38516
41476
44123
44313
50740
52176
54151
54457
55772
56191
56746
56793
58197
59644
60234
61555
63876
66511
69399
73454
73499
73502
73506
73508
73516
73521
73524
73527
73529
73534
73537
73539
73558
73561
73574
75825
21919
39203
35123
54122
11474
41776
41779
41782
49510
24942
47562
54370
49548
49550
52284
54533
37553
38807
38815
30310
33707
39304
39503
39505
39511
39516
13496
28549
13499
21134
38884
42538
47919
54878
2824
46690
25500
1052
1054
18249
35440
29607
35569
16391
30287
30975
37735
37915
37923
37927
37936
37948
69648
72188
72190
49687
53969
55171
55914
55941
58316
60136
24364
22795
53818
53819
55031
1074
51923
14485
53168
54665
52026
36277
22760
22769
22778
22793
22799
22825
31588
48749
40364
25540
51717
55159
40482
60793
39398
55276
2621
54172
55282
13534
47569
51423
55444
55445
55446
14887
19826
44122
37880
47920
48206
25992
48417
48440
55743
25727
27755
53526
57065
19925
55770
58222
55493
55495
45041
55512
32697
53815
55552
14009
20574
32193
54554
55585
13003
33846
55640
13467
49692
21713
46782
55007
15664
36143
21984
54891
55831
2353
1327
18673
42189
55973
21867
23803
34927
34936
56051
56056
56059
33230
34270
35610
56110
28421
11597
54652
56162
39778
49200
49203
53555
58735
64172
31447
48748
39640
47941
48188
4668
48868
6821
56496
20785
54775
56506
25856
61346
69408
56540
56543
56549
1425
44131
44132
46480
23029
23039
44872
49377
49379
49684
48251
40587
56578
44741
56723
56755
40688
56881
56882
56929
56944
57004
35421
35422
47165
47166
16507
8861
60011
40731
28701
55112
57080
23348
51818
48078
21238
21239
21831
5533
38955
51259
45492
54799
57173
31808
40485
57235
47926
38509
38512
52979
57335
57341
57350
34722
34732
42995
43003
8875
47427
44667
47737
57455
56313
57464
1488
8227
48898
50100
35528
14785
27917
53021
53022
53025
57509
57519
21155
40283
43047
16389
47687
29966
57594
49556
50209
20442
27253
20775
32093
43786
48094
45561
33943
49134
46583
51272
38097
8141
3940
55382
38714
55921
20683
50322
57782
46144
46155
32434
32923
51513
16965
16194
44768
57977
58007
58011
47584
32417
58050
58064
64611
64318
58096
54608
27677
26014
44765
13073
49710
53481
30276
58140
4099
32727
54858
58171
38914
27929
55802
18271
55688
41246
40378
42032
58214
19499
42659
58255
36403
13334
28509
18281
35444
40352
27476
24960
58365
29517
17484
13758
21452
58471
56146
48338
58541
21802
54456
26818
21599
22968
23639
48771
6799
39226
47848
25756
45847
45851
58723
59850
34760
23005
20443
24580
30761
42063
42064
42065
42075
42084
42085
42086
24379
54085
43403
45236
58839
32983
3126
7119
26579
53659
53665
53668
53674
43885
55409
23320
22961
22981
26554
43396
43401
43409
43417
43435
43440
33977
55469
56606
44161
60134
34621
35198
41928
56683
37632
13750
24429
59130
46658
58746
53182
37764
59209
57123
23037
59542
53443
19580
34575
69317
1722
24315
59256
22830
21582
6973
49650
51931
56678
47179
54524
64162
54464
49503
20167
57380
59433
59444
41055
41058
45328
1769
46267
18190
51900
59694
48679
59705
1793
1801
1803
23551
43619
59733
35163
29062
3700
23801
55991
23804
23806
23815
23826
24004
57266
59940
46562
49471
31199
39848
56368
45840
59948
59958
59967
53774
38753
60027
42658
56904
60099
24704
57921
57923
59341
57708
16494
53803
57052
23195
64690
49689
4448
60193
52172
53469
60224
1858
60265
43517
24402
1871
1875
29690
50438
1888
1889
34505
51699
60643
1951
1957
37614
60669
1997
36311
27761
16998
36287
36290
36296
36299
43652
33364
7548
41827
66784
69302
44675
44676
2076
60899
13628
18859
61549
11285
2132
57562
25281
57668
57229
39393
47989
44591
21585
61108
7393
48086
56443
61147
49630
49631
61156
61160
33911
61168
39815
61109
61110
47229
61200
61209
19927
67815
61314
25206
47466
24837
39320
39198
61356
46816
61368
61383
61384
20150
8192
40197
48819
26983
61767
61531
2418
61579
61583
31315
61625
2477
44585
61656
61706
44051
44072
44073
28768
23554
27751
2586
48396
2624
45005
57643
14918
54813
61901
61914
52482
61916
15880
40328
32236
42528
2670
42096
37163
61969
61973
2683
35843
61991
62011
41192
38879
15513
48101
8930
21331
66105
71133
62080
7425
31493
25282
62114
2730
24491
2740
29581
18905
2763
36971
48637
46461
15325
12526
62198
47546
60632
28859
18525
42752
2875
2886
62273
48900
29039
20609
62329
2918
57699
39485
28604
22032
47576
59455
62369
58472
54424
42302
30309
39084
62390
8116
62400
32937
21492
56583
19158
3024
29522
3032
42320
57376
29883
46117
62563
61851
12295
29978
62596
60237
30095
46423
47350
3208
51387
3214
30274
30275
30282
54905
54358
62793
62794
62802
36625
40093
42975
54610
39529
62984
47783
63024
25058
3468
54594
29993
3493
32129
37535
61554
58067
59843
60280
63261
19450
29092
7424
31857
63318
53926
29091
12927
62504
56318
32038
3640
3646
3647
3668
37351
3698
32232
63503
48261
3763
63535
10730
59662
63542
3796
51279
55257
44424
3824
63456
56657
45710
24573
34035
40294
55535
62015
44498
63642
63644
63645
45432
63670
24698
63690
63691
53215
63750
37537
62569
55692
63808
63812
57382
40359
40365
54527
60712
61141
56452
60307
57230
63607
63909
63919
4015
63996
54859
64136
58857
33934
64092
64105
4110
64106
4130
17276
64207
64290
64291
64300
4225
4241
49646
17969
53530
64441
63146
64449
64451
47931
64466
45078
26443
40145
48661
64567
4443
4445
30390
42541
4477
4492
4496
9972
59490
64715
64719
35678
42117
64766
45711
64770
64771
4593
30777
36005
62395
43846
64822
4622
4630
36167
64853
42524
52441
64885
4710
63521
31137
4735
34544
55699
4823
47686
4840
53658
45558
45559
47744
64962
58496
61870
64999
57318
51413
65051
38465
63118
63119
64625
25505
37247
55635
5083
37347
65125
5106
5120
5121
5125
65165
19449
61575
6585
64599
45766
37823
5150
5152
38222
58018
5197
48238
49262
65294
30980
75309
55372
17111
59365
60239
60241
63741
62884
63711
67323
20356
70109
5233
38221
33553
31402
56634
61782
61804
65443
65446
5381
65461
5408
52970
21948
65500
65502
5485
38864
38880
5517
65593
53782
53783
5525
59814
65605
65606
65607
5573
16614
19097
61222
24689
53089
53440
5749
50521
16261
51918
5802
5816
5821
5849
5853
14427
65773
5892
65784
61629
39833
5926
5937
65795
44867
5986
42536
58000
70186
60607
65970
37843
65282
31454
40570
55779
6153
40644
6184
6228
66057
21227
56781
6309
6348
66082
59529
48138
66095
6644
6395
6468
25974
66157
21415
63788
59817
60468
66189
6541
34780
59161
66236
47966
66271
66272
13465
51930
62929
52174
66317
66323
38095
6713
62557
66378
42034
66383
62877
66401
31420
23442
23184
66420
35051
71313
52589
6832
42283
11414
42286
66451
6846
6899
6933
63887
6967
6991
7026
7038
42670
7043
60590
21263
65848
45636
46541
46546
66584
7098
66587
66602
66606
31064
7211
7276
7283
7297
64298
42746
63204
37519
43448
53907
66708
33825
29377
53485
66724
66725
66751
57882
32465
63725
66762
66764
54693
58229
54656
66792
43835
7523
66825
65878
7539
43899
7602
44102
7604
44103
7612
48674
63979
7649
7659
7669
44219
66898
10532
66965
59667
7903
28107
55990
55999
56002
56006
48214
48216
63006
51828
67049
55142
66198
7984
7987
53438
8039
8078
8095
8103
44960
67143
25746
59659
51792
66713
8198
17513
8211
29059
11537
19648
67197
67200
8348
8350
8359
56821
67210
47897
61103
34126
45569
8482
31164
8521
36595
8576
8635
8816
67333
8863
8876
8881
8889
8897
8937
46318
8943
67364
8979
64872
8993
9035
9036
46476
9064
9082
9092
46596
9105
9120
59621
9207
9227
9231
17047
54979
17190
9285
58710
39806
9411
46981
64340
66871
67487
9463
67508
64063
9539
9545
9548
60782
9561
62608
9579
9581
47253
41635
19242
60664
9683
47371
9691
9696
47385
9716
9726
9733
9734
47408
9735
47412
47443
9761
40212
37739
59571
67598
9902
9907
9945
47559
9948
47567
9975
43213
10023
10034
10048
10059
47683
10082
10093
10102
17757
67655
10189
47815
10248
47829
23733
67717
65732
67718
62119
10343
10356
17745
10389
67757
10464
48361
10604
48382
10609
25541
10667
48467
67846
48469
67855
10689
10717
10751
64236
10786
10790
48682
10795
10807
10808
10837
67916
10876
24854
11129
67982
11211
67061
11352
11405
11417
66017
11420
11422
11424
11439
11443
68036
11472
64987
67683
19497
11522
11533
11563
60135
68062
11596
11634
11636
49750
11715
49842
11743
68092
68093
11791
11822
11827
62430
11905
11906
11909
11910
68118
11917
50273
68171
12101
12102
59866
59867
12216
12267
12312
63873
50558
29497
12594
21345
35197
12637
12646
32613
68321
12818
58595
12930
50945
68393
51485
67733
13109
13110
13130
23358
58057
13209
64256
13254
62155
62128
13330
30716
13340
13355
51829
13383
13393
13427
13429
13435
19501
13521
13542
13543
13552
51986
13559
51994
66520
16980
13633
52034
59600
64002
36993
52161
13795
13806
52186
13844
13848
13887
13892
13894
13896
13898
61924
13911
13950
13954
52271
13990
21413
58335
14025
14027
68550
14057
18996
68560
68561
14119
49314
59302
14360
67553
14420
52550
14443
14461
14481
52602
68603
14618
14637
14697
52956
14803
68676
14856
44317
14861
14874
14903
14911
53137
14932
14942
14964
14990
14999
15005
15032
16443
15103
53274
68723
57299
44437
15432
35107
15477
15485
15486
15550
15567
68771
15616
61366
15735
68795
15769
53826
15790
15793
15847
15868
15895
15907
66492
59803
15951
15991
16016
16017
16019
16085
16095
32156
16160
54171
16190
16229
16243
16263
16333
40560
63036
16425
54490
16479
16516
16517
16519
68915
16528
16555
16558
16581
16587
16632
30416
16664
16667
16695
54644
68938
54682
68950
16735
68952
16744
16753
16762
21531
16769
16772
65524
58303
16886
16925
54842
60463
17020
17022
17125
17134
58383
17188
17216
17268
55114
17316
17403
69022
17413
17450
17473
17485
17489
55211
17520
17550
17553
17566
17593
17604
17711
55343
17767
17769
69073
69080
18090
18149
18176
18180
55633
18201
18215
18228
18258
18285
18286
69135
69140
18519
18520
55865
18572
18581
18604
18607
18611
18612
18617
18641
18648
18685
18688
69154
18700
18723
18781
18870
18874
18882
18891
62446
18957
28113
18999
19022
19027
19068
19073
19074
56481
19180
19272
69250
19364
56666
19476
56774
19570
19571
56846
19586
19601
56866
19620
19625
69299
32839
32837
56996
69321
19762
19773
19774
19776
19784
69329
68298
19943
20023
24341
20092
20095
57325
57326
66458
20220
20225
20301
69407
20454
22498
20550
20624
20763
20778
20838
58017
67614
58061
58062
21007
68930
69506
21168
21197
58244
21266
58267
21346
21397
21405
21430
21433
44492
62965
21451
21555
21575
21601
59484
21644
21661
21669
21671
21690
21702
65275
21772
21926
21949
58819
22107
22153
22155
22166
22171
22196
58878
22210
22219
22222
22237
22308
58942
22312
41191
22458
22553
22585
22607
49605
22614
22630
22645
65040
22744
49092
22957
22959
69685
23049
23050
23097
23111
59493
23119
23121
23126
23144
23175
30393
23191
23218
23248
23268
23290
59564
23434
59657
23452
23463
23619
23635
23636
23658
23681
23708
23712
69750
59873
23735
23967
24154
24155
24280
24297
24308
60546
24442
24462
24473
24567
60412
24581
24620
69838
24680
24749
24757
32544
24758
24767
24772
24852
24859
24871
24883
24891
24893
24910
24917
69861
24932
60617
25081
25085
25096
25133
25179
60719
25201
25227
62292
44162
25253
60755
48697
25314
60805
25331
25336
25344
25350
25357
46812
25371
25374
25378
60837
25382
25464
25511
25527
25552
25583
25627
25709
60997
25844
25861
25877
25918
25920
25946
35364
26053
61670
26229
26231
26248
26251
26263
26292
26303
26318
26322
26346
26357
26358
26415
26423
26451
26475
42410
26782
26786
26843
26863
26867
61490
26880
26883
26945
61505
26946
26954
27085
27103
61566
27119
27212
61590
69978
27233
27262
27273
27303
27311
61612
27313
61638
27365
27379
27439
27458
27562
27637
27639
27652
27656
27660
27675
27689
61751
27703
27780
27784
27785
27904
27909
61860
27939
61869
27953
28021
28026
63558
70021
28097
28102
28127
28171
28223
28240
28262
28315
28338
28341
28399
70053
28569
28578
28590
28669
28711
28753
28791
28808
28825
28830
28864
28886
28907
28908
28957
28976
70077
34623
67943
29038
40651
29094
70086
29103
29124
29125
29140
29185
29246
29290
63320
62417
29417
29420
29455
29505
29544
29559
29633
62508
29698
32283
29804
29810
29816
29820
29843
33680
29894
29897
29976
62600
30011
62654
30321
30380
30401
30419
30421
30422
30424
30430
62745
30457
30468
30506
30557
30620
30661
69791
51768
30709
30723
30781
30788
62902
30797
30845
30856
30972
30973
30982
30995
31002
70173
31048
31057
31062
70175
31132
31139
31140
31195
31206
31209
31366
31390
63133
31401
31405
31417
31425
63149
31464
31481
31512
31541
31543
31562
31567
31571
31752
31812
31813
31833
31913
31985
31995
32126
32134
32167
32194
32206
35904
32218
32225
32260
32262
70243
32282
32289
32290
63479
32299
63483
32314
32321
32323
63488
63490
32355
32405
46017
32566
63620
32638
32654
32670
63633
32929
32940
32999
33074
33117
33135
63796
70292
33231
33360
33363
33387
63926
33559
63934
33586
33599
33618
33613
33654
33655
33659
33661
33686
33697
33698
33714
33732
33743
64024
33758
33772
33775
33784
33787
33975
34032
34134
34144
34168
34191
34192
34215
34225
34242
34284
64267
34362
64289
34414
34484
34540
64367
34610
34658
34659
64381
34737
34772
64411
34791
34818
34965
34999
35034
64498
35071
35079
64509
35097
35100
35113
35136
35153
35157
35196
35199
35200
63380
35208
35211
35216
35320
35362
35541
64680
35549
35580
35582
35687
35731
35764
64755
35816
35817
35839
64762
35903
35925
64786
36028
70440
36079
36085
64838
36218
39960
36308
36333
36342
36343
36356
64911
36373
36596
57646
36616
36639
36881
36885
64983
36903
36904
36964
36968
36969
65022
70464
37043
37054
37068
37081
70466
37197
37203
37272
37285
37370
37454
37489
70479
37512
37513
37522
37534
37541
65172
37543
37547
37562
37600
37660
37669
37696
37718
37723
37736
37754
65261
37762
37789
37820
37825
37834
37850
37855
37892
48272
38251
38250
38252
38390
38550
38733
38889
38895
38904
65530
38986
70533
39055
39186
39251
65650
39309
39333
65664
39371
39548
65722
39549
39731
39747
39849
39853
39861
39872
39894
39895
39906
39909
39921
39948
40007
40031
40036
40096
40097
40120
40161
40171
40413
40417
40462
40503
40583
40588
40611
40626
40653
40662
40675
66038
40676
40701
66041
40707
40725
40726
40730
40764
40814
40819
40939
40940
40959
40966
41074
41082
41087
41157
70616
41289
41342
41343
41411
66217
41599
41637
41639
66264
66265
41642
66266
70627
41648
41649
41700
66310
41791
41856
41861
41887
66559
41973
41989
42182
42231
42237
42247
42334
42363
42371
42413
42435
42476
42545
42652
42662
42756
66543
42761
42897
42991
43068
66605
43093
43106
66609
43118
43146
43179
43253
43372
63708
70696
43603
43709
66795
43749
43754
43848
70712
43951
44110
44113
44129
44207
44209
44297
44303
44323
44337
44347
55672
66924
44349
44377
44436
62082
44545
44557
70733
44620
44715
44720
44723
44749
44752
44798
67007
44845
44890
44938
44954
67077
44986
48378
45064
45081
45088
45261
45275
45326
45327
45391
45393
45422
70752
67219
45471
45595
45599
45626
45627
45634
67249
45659
45741
45743
45814
45825
45874
46001
46026
46182
67332
46201
67334
71546
46432
46436
46453
46469
46525
46536
46707
46740
46780
46797
46829
46846
46894
46901
46906
47014
67519
47152
47171
47199
47210
47227
47232
47233
47259
47267
47321
47367
47405
47411
47484
67591
47548
67705
48001
67754
48165
48173
48221
48250
48260
48325
67803
48359
48364
48384
48449
48486
48487
48514
67870
48634
48653
48657
48665
67893
48696
48912
48934
67949
48944
48999
49000
49031
49034
49094
49095
49106
67978
49162
49196
49273
49277
49304
57816
49355
49399
49403
49434
49436
49783
49891
50035
68110
50079
50150
51263
68142
50210
68145
68153
50325
50355
50377
50397
50456
50489
50553
50576
50744
50794
50801
50807
50840
50841
51026
51049
51386
68375
51455
51590
51646
51648
51658
51671
51693
51734
51769
51780
51781
69487
52022
68481
52083
52098
52113
52251
52252
52320
52334
52360
68554
52454
52521
52556
52668
52726
52736
52740
52760
52768
52782
52873
52930
52991
53019
53032
53041
70985
53062
53075
53120
53123
53131
53151
53172
53212
53383
53476
53517
53705
53741
53748
53791
53833
53889
53891
53922
53986
53987
53989
54192
54204
54359
54363
54369
54396
54402
54455
71018
54557
71019
54630
54697
54729
54745
54782
54805
54807
54830
71035
54909
54950
54976
68999
55064
55081
55095
55173
55292
55333
55366
55506
55511
55515
55556
55602
55610
55832
69139
55984
56068
56262
56271
56285
56373
69218
56451
56475
56504
56519
69233
69234
56558
69245
56568
56581
56740
56754
56814
56818
56868
56947
56958
71094
57013
57027
57108
57110
57165
57171
71102
69363
57265
57274
57375
57395
57428
70420
57648
57694
57765
57904
57930
57994
57998
58037
58063
69489
69493
69494
58113
71129
58210
58248
58268
58286
58288
58304
58371
58415
58447
58453
58578
58585
58633
58700
58713
69590
58805
58814
58827
58914
59000
59009
59037
69633
59076
59133
69649
59134
59200
59277
59327
59404
59421
59487
59501
59525
69699
71153
59692
59708
59725
69724
59737
59746
59772
59782
59813
59833
59910
60017
60074
60162
60215
69806
60470
60488
60514
60532
60545
60555
60580
60652
60670
60684
60710
60813
60859
60965
60972
69904
71167
61032
61137
61138
69908
61214
61239
61369
61463
61525
61530
61663
61740
69997
61759
61839
61937
61938
61939
61990
61997
62120
62166
62207
62218
62223
62303
62304
62321
62565
62610
62623
62749
62797
62837
62881
62930
62931
70170
62955
63055
63096
63101
70192
63181
63199
63214
63218
63280
63289
63349
63386
63408
63414
63429
63626
63637
63935
63965
63972
63994
64099
64169
70348
64170
64221
64225
70370
64401
64487
64524
64527
64600
64636
64639
64889
70450
64950
64992
65016
65086
65103
65161
65194
65209
71240
65229
65234
65235
65248
65271
65276
65323
65346
65455
70529
65654
65696
65715
65764
65830
65837
66089
66147
66188
66216
70622
66282
66326
66370
66374
66405
66431
66444
66510
70659
66554
70667
66567
66595
66636
70689
71269
66770
71273
66785
66793
66850
66875
66910
67094
71288
67209
71285
67254
67272
67274
67307
70771
67344
67430
67459
67460
67466
67479
67507
67510
67514
67518
67565
67583
67610
67627
67662
67708
67755
70848
67810
67814
71297
70891
67972
68009
70909
68039
68174
68315
68389
68404
68479
70969
70971
68581
70979
68617
68668
71306
68756
68758
68783
68879
69015
69099
69112
69115
71049
69128
71320
69158
69159
69179
69275
69356
69358
69420
69642
69670
69671
69755
69758
69771
69776
69782
69913
69945
69948
69992
69995
70011
70089
70163
70189
70202
70246
71214
70299
70305
70307
71218
70312
70363
70430
70468
70469
70498
70579
71250
70594
70638
71272
70708
71278
70709
70716
70735
70831
71362
70888
71021
71036
71061
71322
71079
71089
71092
71127
71328
71169
71343
71341
71350
71352
71374
71419
71675
71426
71454
71465
71550
71562
71599
71635
71702
71743
71724
71730
71739
71751
71772
71791
71792
71815
71832
75248
71835
71837
71843
71857
71858
71863
71874
75259
71903
71914
71959
71982
71986
72040
72065
72166
72235
72268
72271
72287
72367
72389
72393
72403
72417
72418
72437
72525
72559
72560
72563
72565
72579
72591
72636
75414
75416
72789
72799
72809
72861
72895
72906
72986
75451
72987
72994
73002
73006
73016
73029
73069
73091
73119
73160
73166
73167
73189
73223
73273
75487
73335
75492
75528
73629
73659
73798
75556
73821
75561
75756
73831
73895
73900
73935
74456
74458
74462
74465
74467
74490
74545
74550
75646
74577
74585
74598
75651
74606
74628
75653
74632
74641
74644
74647
74663
74697
74698
74711
75677
75680
75779
74740
74746
74803
74813
74936
75701
74951
74973
74979
74985
75003
75006
75051
75086
75101
75109
75235
75734
75446
75453
75460
75542
75788
75565
75573
75584
75611
75794
75686
75704
75706
75723
75782
75829

