45	0
46	0
163	0
178	0
231	0
345	0
365	0
403	0
570	0
676	0
731	0
773	0
869	0
896	0
921	0
950	0
1186	0
1234	0
1248	0
1265	0
1508	0
1653	0
1839	0
1841	0
1997	0
2055	0
2059	0
2212	0
2404	0
2450	0
2558	0
2560	0
2741	0
2803	0
2949	0
2952	0
2980	0
2982	0
3063	0
3280	0
3293	0
3372	0
3409	0
3502	0
3595	0
3825	0
3839	0
3872	0
3955	0
4036	0
4046	0
4115	0
4146	0
4164	0
4180	0
4382	0
4446	0
4511	0
4513	0
4632	0
4975	0
5109	0
5134	0
5262	0
5434	0
5510	0
5578	0
5639	0
6009	0
6056	0
6179	0
6610	0
6774	0
6815	0
6830	0
6896	0
6934	0
6944	0
7103	0
7188	0
7209	0
7309	0
7384	0
7533	0
7844	0
7956	0
8049	0
8053	0
8156	0
8279	0
8503	0
8517	0
8879	0
8922	0
9283	0
9341	0
9482	0
9488	0
9597	0
9736	0
9785	0
9800	0
9889	0
9980	0
10041	0
10130	0
10243	0
10383	0
10549	0
10910	0
10926	0
11053	0
11148	0
11175	0
11241	0
11472	0
11612	0
11746	0
11785	0
11820	0
12085	0
12365	0
12409	0
12422	0
12496	0
12503	0
12553	0
12637	0
12660	0
12679	0
12701	0
12749	0
12781	0
12851	0
12938	0
12981	0
13013	0
13032	0
13060	0
13164	0
13319	0
13364	0
13411	0
13597	0
13615	0
13837	0
13995	0
14372	0
14376	0
14512	0
14540	0
14552	0
14709	0
14807	0
15003	0
15126	0
15194	0
15528	0
15538	0
15585	0
15623	0
15659	0
16115	0
16174	0
16331	0
16389	0
16594	0
16611	0
16674	0
16722	0
16726	0
16819	0
16876	0
16881	0
17019	0
17121	0
17182	0
17250	0
17289	0
17569	0
17655	0
17692	0
17828	0
17875	0
18174	0
18210	0
18543	0
18579	0
18605	0
18648	0
18668	0
18681	0
18719	0
18866	0
18867	0
18879	0
18894	0
18910	0
19184	0
19215	0
19316	0
19423	0
19954	0
19961	0
20101	0
20108	0
20215	0
20562	0
20635	0
20641	0
20644	0
20774	0
20893	0
21012	0
21027	0
21158	0
21165	0
21281	0
21333	0
21379	0
21508	0
21583	0
21800	0
21847	0
22269	0
22372	0
22421	0
22457	0
22691	0
22726	0
22834	0
22887	0
22937	0
22966	0
23095	0
23096	0
23293	0
23363	0
23403	0
23452	0
23470	0
23481	0
23511	0
23628	0
23864	0
24023	0
24034	0
24140	0
24762	0
24943	0
24944	0
24955	0
25053	0
25094	0
25143	0
25251	0
25346	0
25528	0
25684	0
25758	0
25777	0
25836	0
25910	0
25917	0
26067	0
26141	0
26178	0
78	1
141	1
379	1
888	1
894	1
920	1
953	1
1093	1
1109	1
1258	1
1322	1
1350	1
1375	1
1520	1
1672	1
1963	1
2465	1
2591	1
2592	1
2823	1
2852	1
2915	1
3053	1
3059	1
3312	1
3909	1
3910	1
3977	1
4302	1
4625	1
4814	1
4868	1
4877	1
5055	1
5246	1
5367	1
5441	1
5529	1
5555	1
5564	1
5787	1
5993	1
6064	1
6185	1
6421	1
6468	1
6524	1
6627	1
6638	1
6828	1
6891	1
6971	1
7247	1
7264	1
7317	1
7459	1
7689	1
7712	1
7895	1
8079	1
8161	1
8224	1
8254	1
8305	1
8340	1
8408	1
8475	1
8523	1
8678	1
8862	1
8916	1
8932	1
8976	1
9075	1
9093	1
9126	1
9127	1
9133	1
9188	1
9265	1
9439	1
9459	1
9483	1
9572	1
9721	1
9773	1
9895	1
9987	1
10158	1
10251	1
10445	1
10524	1
10620	1
10623	1
10655	1
10711	1
10762	1
10907	1
10925	1
10942	1
10969	1
11093	1
11112	1
11182	1
11223	1
11461	1
11491	1
11493	1
11610	1
11696	1
11791	1
11806	1
11829	1
11863	1
12032	1
12054	1
12110	1
12155	1
12286	1
12296	1
12337	1
12599	1
12659	1
12742	1
12797	1
13036	1
13174	1
13276	1
13282	1
13310	1
13321	1
13600	1
13614	1
13616	1
13680	1
14102	1
14351	1
14371	1
14619	1
14864	1
14983	1
15172	1
15195	1
15399	1
15409	1
15419	1
15626	1
16068	1
16310	1
16575	1
16755	1
16765	1
16958	1
17286	1
17359	1
17379	1
17443	1
17467	1
17536	1
18445	1
18457	1
18489	1
18517	1
18676	1
18745	1
18758	1
18772	1
19022	1
19060	1
19109	1
19110	1
19131	1
19144	1
19179	1
19379	1
19738	1
19807	1
19890	1
19997	1
20341	1
20959	1
21162	1
21287	1
21316	1
21324	1
21468	1
21497	1
21554	1
21560	1
21584	1
21594	1
21665	1
22087	1
22393	1
22530	1
22598	1
22734	1
22771	1
22778	1
22791	1
22839	1
22900	1
23224	1
23246	1
23267	1
23299	1
23346	1
23351	1
23423	1
23441	1
23558	1
23637	1
23647	1
23689	1
23770	1
23943	1
24114	1
24932	1
25056	1
25158	1
25176	1
25250	1
25319	1
25601	1
25721	1
25827	1
25903	1
25980	1
26181	1
122	2
135	2
352	2
385	2
409	2
750	2
851	2
1098	2
1229	2
1280	2
1323	2
1341	2
1408	2
1436	2
1606	2
1674	2
1776	2
1823	2
1862	2
2001	2
2044	2
2474	2
2475	2
2713	2
3068	2
3194	2
3209	2
3323	2
3431	2
3524	2
3532	2
3618	2
3633	2
3772	2
3916	2
3996	2
4102	2
4117	2
4273	2
4351	2
4422	2
4483	2
4490	2
4641	2
4708	2
4825	2
4836	2
5259	2
5352	2
5400	2
5631	2
5729	2
5851	2
6175	2
6184	2
6264	2
6530	2
6707	2
6746	2
6804	2
6911	2
7024	2
7072	2
7355	2
7579	2
7935	2
7985	2
8037	2
8680	2
9143	2
9147	2
9184	2
9593	2
9890	2
10376	2
10381	2
10490	2
10555	2
10588	2
11107	2
11591	2
12056	2
12135	2
12260	2
12263	2
12311	2
12688	2
12842	2
12849	2
13190	2
13191	2
13199	2
13520	2
13813	2
14007	2
14357	2
14377	2
14599	2
14621	2
14647	2
14869	2
15250	2
15325	2
15479	2
15589	2
15816	2
15850	2
15973	2
16067	2
16107	2
16230	2
16332	2
16471	2
16498	2
16649	2
16837	2
16921	2
17001	2
17228	2
17393	2
17559	2
17581	2
17599	2
17827	2
17911	2
17934	2
17937	2
17981	2
18013	2
18032	2
18182	2
18234	2
18331	2
18344	2
18736	2
18973	2
19204	2
19206	2
19207	2
19442	2
19568	2
19569	2
19580	2
19608	2
19624	2
19641	2
19909	2
19940	2
19945	2
20004	2
20064	2
20207	2
20331	2
20344	2
20373	2
20533	2
20702	2
20879	2
21220	2
21646	2
21653	2
21660	2
21928	2
21943	2
22031	2
22088	2
22224	2
22225	2
22603	2
22721	2
22826	2
22830	2
23204	2
23474	2
23506	2
23513	2
23620	2
23681	2
24129	2
24332	2
24614	2
24765	2
25034	2
25225	2
25491	2
25844	2
25916	2
26127	2
26171	2
26176	2
80	3
193	3
1006	3
1339	3
1519	3
4068	3
5216	3
5444	3
6095	3
6190	3
7038	3
7039	3
7042	3
7050	3
7087	3
7446	3
7522	3
8150	3
8505	3
8630	3
8715	3
8742	3
8768	3
8864	3
8871	3
8968	3
9217	3
9255	3
9269	3
9273	3
9517	3
9616	3
9629	3
9893	3
9907	3
9937	3
9943	3
9944	3
9984	3
10096	3
10113	3
10153	3
10543	3
10656	3
10657	3
10794	3
10807	3
10819	3
10967	3
11002	3
11403	3
11629	3
11630	3
11661	3
11700	3
11733	3
11734	3
11951	3
12130	3
12149	3
12166	3
12266	3
12268	3
13864	3
13929	3
13931	3
14093	3
14286	3
14809	3
14970	3
15209	3
15580	3
15614	3
15669	3
15678	3
15685	3
15917	3
16006	3
16010	3
16011	3
16131	3
16155	3
16210	3
16235	3
16280	3
16336	3
16357	3
16393	3
16414	3
16495	3
16521	3
17086	3
17090	3
17099	3
17131	3
17134	3
17135	3
17137	3
17172	3
17285	3
17290	3
18790	3
20065	3
20106	3
20116	3
20129	3
20148	3
20155	3
20169	3
20435	3
20478	3
20479	3
20515	3
20517	3
20526	3
21142	3
21167	3
21341	3
21407	3
21432	3
21433	3
21436	3
21466	3
21491	3
21549	3
21608	3
21754	3
21994	3
22188	3
22189	3
22621	3
22693	3
22696	3
22806	3
22811	3
22815	3
22899	3
22917	3
22929	3
22951	3
22953	3
22975	3
22993	3
23038	3
23063	3
23092	3
23110	3
23114	3
23146	3
23488	3
23509	3
23552	3
23806	3
23810	3
23910	3
23915	3
23920	3
23950	3
24060	3
24270	3
25236	3
25435	3
25557	3
25562	3
25569	3
25572	3
25575	3
25582	3
25585	3
25589	3
25610	3
25615	3
25710	3
25783	3
25850	3
269	4
299	4
1073	4
1150	4
1217	4
1611	4
2165	4
2200	4
2306	4
2620	4
2750	4
3034	4
3452	4
3501	4
3507	4
3594	4
3944	4
4878	4
5184	4
5488	4
6033	4
6154	4
6156	4
6442	4
6533	4
6629	4
7725	4
8128	4
8155	4
8446	4
8520	4
8643	4
8877	4
9266	4
9968	4
9974	4
9988	4
10004	4
10024	4
10514	4
10719	4
11032	4
11034	4
11066	4
11626	4
11967	4
12419	4
12453	4
12491	4
12547	4
12735	4
13384	4
14165	4
14174	4
14181	4
14383	4
14430	4
14615	4
14616	4
14620	4
14652	4
15435	4
15829	4
16278	4
16485	4
16941	4
17089	4
17306	4
17681	4
17729	4
17817	4
18381	4
18399	4
18684	4
18746	4
18764	4
19102	4
19313	4
19454	4
19501	4
19686	4
19877	4
19895	4
20052	4
20335	4
20495	4
20587	4
20668	4
20942	4
21592	4
21638	4
21708	4
21755	4
21779	4
22051	4
22074	4
22075	4
22242	4
22433	4
22462	4
22523	4
22738	4
22876	4
23233	4
23418	4
23713	4
24126	4
24204	4
24340	4
24503	4
24506	4
24595	4
24705	4
24713	4
24942	4
25181	4
25234	4
25449	4
25648	4
25649	4
25839	4
25911	4
573	5
853	5
1427	5
1550	5
1966	5
2182	5
2459	5
2806	5
2877	5
3006	5
3007	5
3553	5
3630	5
3827	5
3876	5
4283	5
4298	5
4301	5
4416	5
4425	5
4442	5
4697	5
4966	5
5533	5
5695	5
5835	5
5901	5
5953	5
6380	5
6408	5
7278	5
7481	5
7578	5
7695	5
7715	5
7911	5
8048	5
8219	5
8452	5
8595	5
8730	5
8920	5
9209	5
9338	5
9735	5
9769	5
9979	5
10406	5
10918	5
11037	5
11924	5
12106	5
12611	5
12675	5
12861	5
12874	5
13142	5
13177	5
13387	5
13801	5
14403	5
14534	5
14559	5
14639	5
14691	5
14841	5
14932	5
15175	5
15253	5
15311	5
15717	5
15821	5
15898	5
16265	5
16274	5
16647	5
16817	5
16872	5
17231	5
17274	5
18941	5
19051	5
19493	5
19527	5
19657	5
19723	5
19801	5
19810	5
20253	5
20952	5
21125	5
21154	5
21546	5
21614	5
22048	5
22082	5
22144	5
22489	5
22493	5
22503	5
22879	5
23134	5
23149	5
23256	5
23412	5
23939	5
24280	5
24398	5
24885	5
25437	5
25443	5
25537	5
25896	5
26138	5
245	6
414	6
593	6
615	6
743	6
749	6
1008	6
1373	6
1968	6
2076	6
2185	6
2394	6
2504	6
3073	6
3345	6
3430	6
3607	6
4269	6
4289	6
4515	6
4983	6
5266	6
5365	6
5769	6
5773	6
5995	6
6030	6
7245	6
7893	6
7999	6
8031	6
8069	6
8178	6
8369	6
8612	6
8868	6
9082	6
9135	6
9306	6
9360	6
9710	6
9922	6
10526	6
10590	6
10822	6
10824	6
11604	6
11788	6
11824	6
12066	6
12160	6
12308	6
12334	6
12386	6
12606	6
12627	6
12664	6
13333	6
13385	6
13480	6
13501	6
13713	6
14004	6
14316	6
14562	6
14606	6
14690	6
14818	6
15123	6
15144	6
15191	6
15814	6
15907	6
15912	6
15935	6
15942	6
16083	6
16216	6
16778	6
16888	6
17932	6
18037	6
18051	6
18189	6
18276	6
18558	6
18592	6
19107	6
19159	6
19164	6
19578	6
19585	6
19806	6
19809	6
19974	6
20001	6
20808	6
21438	6
21615	6
21776	6
21815	6
22245	6
22254	6
22439	6
22611	6
22765	6
22888	6
23145	6
23304	6
23896	6
24431	6
26159	6
26190	6
124	7
1090	7
1499	7
2255	7
2503	7
2789	7
3056	7
3418	7
3754	7
3765	7
3821	7
4213	7
4798	7
4896	7
5465	7
6158	7
7045	7
7046	7
7281	7
7307	7
7324	7
8185	7
8365	7
8367	7
8376	7
8870	7
8876	7
8888	7
8978	7
9017	7
9023	7
9095	7
9151	7
9631	7
10600	7
10898	7
10990	7
11047	7
11444	7
11892	7
12043	7
12045	7
12287	7
12324	7
12472	7
12866	7
13067	7
13493	7
13496	7
13831	7
13832	7
14176	7
14319	7
14500	7
14710	7
15170	7
15198	7
15455	7
15617	7
15663	7
15682	7
16128	7
16415	7
16496	7
16589	7
16770	7
16801	7
16937	7
17075	7
17157	7
17918	7
17991	7
18052	7
18067	7
18094	7
18141	7
18742	7
18788	7
18791	7
18875	7
19900	7
20196	7
20257	7
20258	7
20261	7
20645	7
20663	7
20806	7
20827	7
21613	7
21944	7
21968	7
22890	7
23066	7
23093	7
23264	7
23302	7
23394	7
23653	7
23665	7
23758	7
24002	7
24578	7
24722	7
25597	7
25856	7
26044	7
192	8
200	8
492	8
677	8
914	8
1023	8
1116	8
1151	8
1157	8
1493	8
1563	8
2087	8
2243	8
2410	8
2452	8
2457	8
2993	8
3321	8
3442	8
3534	8
3811	8
3843	8
4364	8
4377	8
4426	8
4488	8
4639	8
4959	8
5065	8
5162	8
6271	8
6301	8
6305	8
6387	8
6465	8
6708	8
6823	8
6867	8
7013	8
7023	8
7726	8
8122	8
8151	8
9018	8
9020	8
9021	8
9027	8
9090	8
9208	8
9471	8
9722	8
10247	8
11563	8
13404	8
14153	8
14374	8
14379	8
14870	8
14872	8
15145	8
15414	8
15562	8
15708	8
15714	8
15805	8
15891	8
15913	8
16334	8
16719	8
16882	8
17016	8
17022	8
17345	8
17385	8
17580	8
17584	8
17944	8
18299	8
18396	8
18633	8
18743	8
18952	8
19586	8
19677	8
19678	8
19687	8
20231	8
20316	8
20595	8
20884	8
21152	8
22032	8
22903	8
23241	8
23674	8
24294	8
24616	8
24617	8
24706	8
24819	8
24861	8
24939	8
25998	8
283	9
302	9
937	9
1000	9
1149	9
1347	9
1694	9
1736	9
1860	9
1914	9
2335	9
2386	9
2487	9
3052	9
3197	9
3466	9
4135	9
4189	9
4575	9
4635	9
4759	9
4782	9
5233	9
5402	9
5605	9
5829	9
6160	9
6288	9
6641	9
6702	9
6711	9
6904	9
7246	9
7586	9
8047	9
8208	9
8579	9
8589	9
9417	9
11490	9
12016	9
12070	9
13008	9
14424	9
14924	9
15582	9
15920	9
15931	9
15947	9
15959	9
15972	9
16108	9
16232	9
16234	9
16953	9
16994	9
17174	9
17240	9
17251	9
17472	9
17924	9
18233	9
18250	9
18297	9
18373	9
18720	9
18899	9
18940	9
19090	9
19356	9
19462	9
19475	9
19607	9
19707	9
19871	9
19992	9
20191	9
20557	9
20667	9
21930	9
22644	9
22725	9
22790	9
23344	9
23727	9
24001	9
24149	9
24219	9
24444	9
24582	9
24583	9
24835	9
24860	9
24959	9
25091	9
25228	9
25379	9
25402	9
25526	9
25934	9
25948	9
26005	9
195	10
866	10
1058	10
1403	10
1620	10
1667	10
1992	10
2295	10
2341	10
2368	10
2761	10
2783	10
2959	10
3310	10
3508	10
3677	10
3685	10
4052	10
4104	10
4431	10
4466	10
4967	10
5172	10
5181	10
5302	10
5435	10
5497	10
5541	10
5712	10
5826	10
6094	10
7204	10
7463	10
9408	10
9986	10
10983	10
11152	10
11719	10
12247	10
12318	10
12545	10
12641	10
12786	10
12868	10
12884	10
13068	10
13673	10
14661	10
15150	10
15329	10
15616	10
16084	10
16262	10
17017	10
17161	10
17180	10
17208	10
17721	10
17738	10
17794	10
17825	10
17984	10
18091	10
18140	10
18154	10
18208	10
18511	10
18724	10
18739	10
18757	10
18995	10
19168	10
19433	10
19469	10
19562	10
19581	10
19800	10
20100	10
20119	10
20168	10
20173	10
20954	10
21321	10
21929	10
22109	10
22147	10
22184	10
22366	10
22376	10
23559	10
23683	10
23723	10
23805	10
23880	10
23991	10
24057	10
24295	10
24456	10
24477	10
25111	10
25607	10
25698	10
339	11
824	11
934	11
1859	11
2133	11
2250	11
2307	11
2420	11
2654	11
2661	11
3164	11
3730	11
3890	11
4255	11
4383	11
4712	11
4743	11
4748	11
4771	11
4846	11
5061	11
5251	11
5579	11
5621	11
6700	11
7014	11
7717	11
8067	11
8824	11
9335	11
9713	11
9755	11
10026	11
10550	11
11015	11
11017	11
11026	11
11082	11
11132	11
11402	11
11613	11
11868	11
12306	11
12380	11
12612	11
12639	11
12644	11
12928	11
12980	11
13220	11
13714	11
14344	11
14419	11
14547	11
14767	11
14843	11
14969	11
14991	11
15192	11
15316	11
16032	11
17330	11
17331	11
17414	11
17439	11
17603	11
18193	11
18256	11
18337	11
18487	11
18613	11
18971	11
19208	11
19216	11
19350	11
20317	11
20511	11
20528	11
20534	11
20569	11
20850	11
20956	11
21798	11
21995	11
22233	11
22497	11
22556	11
22779	11
23382	11
23387	11
23907	11
24029	11
24148	11
24163	11
24845	11
25080	11
25205	11
25235	11
25272	11
25396	11
25959	11
29	12
140	12
510	12
887	12
930	12
1105	12
1310	12
1386	12
1658	12
1738	12
1985	12
2124	12
2566	12
2720	12
2922	12
2926	12
3449	12
3526	12
3721	12
3946	12
4493	12
4700	12
4760	12
4822	12
5346	12
5606	12
6023	12
6078	12
6513	12
6864	12
6913	12
7645	12
7926	12
9124	12
9634	12
9870	12
10478	12
10597	12
11502	12
11611	12
11891	12
11903	12
12157	12
12158	12
12971	12
13624	12
14627	12
14781	12
14967	12
14985	12
15159	12
15353	12
15384	12
15786	12
16675	12
16741	12
16751	12
16779	12
17189	12
17275	12
17304	12
17612	12
17950	12
18522	12
18587	12
18597	12
18600	12
18972	12
19223	12
19256	12
19404	12
19682	12
20243	12
20421	12
20779	12
20886	12
21048	12
21657	12
22275	12
22285	12
23186	12
23214	12
23298	12
23720	12
23945	12
23986	12
24122	12
24210	12
24475	12
25138	12
25152	12
25321	12
25408	12
25904	12
25931	12
574	13
836	13
885	13
899	13
1059	13
1545	13
1588	13
2010	13
2127	13
2505	13
2848	13
2917	13
3032	13
3096	13
3412	13
3718	13
4027	13
4750	13
5143	13
5840	13
6031	13
6219	13
6642	13
6732	13
7442	13
7450	13
7511	13
7615	13
7768	13
8063	13
8064	13
8547	13
8614	13
10552	13
10652	13
10791	13
10919	13
11125	13
11275	13
11712	13
12806	13
13705	13
13847	13
13955	13
14003	13
15235	13
15600	13
15608	13
16039	13
16106	13
16148	13
16644	13
16747	13
17191	13
17192	13
17207	13
17277	13
17396	13
17670	13
17821	13
17884	13
18160	13
18161	13
18209	13
18222	13
18227	13
18286	13
18540	13
18612	13
19147	13
19234	13
19445	13
19489	13
19495	13
19724	13
20536	13
20538	13
20599	13
22415	13
22609	13
22979	13
23227	13
23529	13
23967	13
24371	13
24568	13
24592	13
25996	13
26098	13
164	14
252	14
375	14
408	14
1172	14
1838	14
3265	14
3441	14
3451	14
3998	14
4138	14
4139	14
4247	14
4250	14
5629	14
5674	14
5698	14
6455	14
8298	14
8513	14
8726	14
9325	14
9491	14
10268	14
10463	14
10496	14
10497	14
10499	14
10501	14
10841	14
11012	14
11318	14
11325	14
11328	14
11372	14
11379	14
11400	14
11405	14
11713	14
12712	14
12720	14
12733	14
12743	14
12745	14
13029	14
13035	14
13622	14
13682	14
13683	14
13834	14
14324	14
15196	14
15418	14
15938	14
16110	14
16225	14
16324	14
16718	14
16749	14
17124	14
17126	14
17149	14
17341	14
17746	14
17764	14
18443	14
19355	14
20002	14
21203	14
21404	14
21409	14
21712	14
21778	14
22018	14
23775	14
24470	14
25089	14
25598	14
25599	14
25660	14
25719	14
25729	14
26038	14
26042	14
26058	14
26059	14
26065	14
26130	14
26194	14
253	15
272	15
315	15
380	15
1125	15
2203	15
2326	15
2563	15
2596	15
2912	15
4634	15
5363	15
5767	15
5849	15
6266	15
6666	15
6737	15
7475	15
7594	15
7595	15
8055	15
8118	15
8215	15
8310	15
8437	15
8526	15
9486	15
10211	15
10253	15
10763	15
10931	15
11077	15
11121	15
11194	15
11426	15
11537	15
11607	15
11811	15
11840	15
12071	15
14325	15
14337	15
14972	15
15007	15
15300	15
15799	15
15802	15
16511	15
16945	15
17122	15
17158	15
17162	15
17403	15
17986	15
18880	15
18909	15
19012	15
19023	15
19048	15
19351	15
19962	15
19996	15
20078	15
20149	15
20182	15
20305	15
20519	15
20765	15
21051	15
21130	15
21131	15
21157	15
21190	15
21297	15
21389	15
21401	15
23462	15
23464	15
23476	15
23673	15
23859	15
23912	15
23918	15
25644	15
26088	15
88	16
281	16
1404	16
1488	16
1879	16
1995	16
2338	16
2449	16
2530	16
2535	16
2562	16
3076	16
4258	16
4355	16
4755	16
4766	16
4870	16
5175	16
5182	16
5210	16
5608	16
5771	16
6340	16
6512	16
6675	16
6895	16
7197	16
7444	16
7635	16
8282	16
8352	16
8727	16
8972	16
9194	16
9313	16
9656	16
9869	16
10116	16
10350	16
11199	16
12507	16
12710	16
12968	16
13311	16
14648	16
14766	16
15010	16
15244	16
15245	16
15457	16
15933	16
16264	16
16654	16
17401	16
17797	16
17807	16
18225	16
18453	16
18552	16
18741	16
18778	16
19114	16
19446	16
19645	16
19939	16
20236	16
20346	16
20567	16
20574	16
20576	16
21178	16
21547	16
21548	16
21629	16
22046	16
22197	16
22504	16
23712	16
23741	16
24032	16
24453	16
24718	16
25107	16
25439	16
580	17
624	17
1728	17
2049	17
3231	17
3420	17
3719	17
3731	17
4284	17
4705	17
4773	17
5067	17
5407	17
5656	17
6082	17
6411	17
6431	17
6907	17
7524	17
8045	17
8072	17
8261	17
8375	17
8504	17
8549	17
8721	17
8823	17
9025	17
9099	17
9639	17
9643	17
9915	17
10500	17
10532	17
11464	17
11910	17
12141	17
13649	17
15005	17
15184	17
15372	17
15683	17
15784	17
16022	17
16352	17
16729	17
17546	17
17589	17
17997	17
18488	17
18685	17
19545	17
19640	17
19808	17
19870	17
19923	17
20532	17
20662	17
20664	17
21824	17
21860	17
21864	17
21931	17
22083	17
22369	17
22466	17
22527	17
22610	17
22837	17
23576	17
23577	17
23649	17
24199	17
24293	17
25060	17
25159	17
25201	17
25289	17
25359	17
1599	18
1711	18
2184	18
2810	18
3174	18
3193	18
3204	18
3228	18
3291	18
3654	18
3922	18
4141	18
4371	18
5241	18
6726	18
6807	18
6813	18
7277	18
7592	18
7959	18
8179	18
9267	18
9913	18
10879	18
11052	18
11442	18
11557	18
11919	18
11925	18
11926	18
12411	18
12645	18
12696	18
13389	18
13651	18
13659	18
13703	18
13859	18
14154	18
14667	18
15082	18
15477	18
15882	18
15960	18
15974	18
15998	18
16091	18
16766	18
16803	18
16858	18
17038	18
17113	18
17389	18
17564	18
17755	18
18145	18
18408	18
18595	18
18782	18
19089	18
20033	18
20046	18
20053	18
20854	18
21799	18
22382	18
22395	18
23266	18
23866	18
23883	18
24183	18
25937	18
26004	18
26168	18
185	19
215	19
351	19
523	19
748	19
1074	19
1832	19
1858	19
2991	19
3651	19
3877	19
3939	19
4354	19
4512	19
4576	19
5062	19
5412	19
5464	19
5827	19
6527	19
6544	19
6892	19
7206	19
7357	19
7485	19
7719	19
7774	19
8280	19
8701	19
9389	19
9397	19
9426	19
10162	19
10246	19
10477	19
10881	19
11445	19
12788	19
13653	19
14385	19
14542	19
17751	19
17953	19
18008	19
18095	19
18143	19
18185	19
18625	19
18649	19
18943	19
18946	19
18983	19
19013	19
19246	19
19463	19
19573	19
19881	19
20550	19
20716	19
20780	19
21861	19
22284	19
22599	19
22601	19
22741	19
22793	19
23153	19
23385	19
23458	19
23514	19
24924	19
25868	19
26170	19
179	20
543	20
547	20
839	20
1024	20
1817	20
1829	20
1840	20
1880	20
1958	20
1982	20
2193	20
3178	20
3725	20
3917	20
4458	20
4713	20
4989	20
5366	20
5505	20
5547	20
5659	20
5812	20
5848	20
6434	20
6635	20
6824	20
6858	20
7883	20
8148	20
8387	20
9092	20
9216	20
12313	20
12492	20
12552	20
15160	20
15366	20
15911	20
15961	20
16020	20
16513	20
16976	20
17248	20
17309	20
18125	20
18398	20
18870	20
19019	20
19325	20
19675	20
20062	20
20618	20
20853	20
21205	20
21806	20
22464	20
22507	20
22831	20
23614	20
23686	20
23693	20
23863	20
24009	20
24696	20
24833	20
25204	20
26196	20
71	21
205	21
1595	21
1910	21
2047	21
2249	21
2293	21
2352	21
2388	21
2501	21
3037	21
3316	21
3632	21
3716	21
3850	21
4554	21
4704	21
5957	21
6077	21
6351	21
6575	21
6611	21
7383	21
7716	21
8391	21
8552	21
8672	21
8801	21
9316	21
9759	21
11233	21
11865	21
12040	21
12118	21
12389	21
12695	21
13371	21
14090	21
14497	21
15383	21
15420	21
15625	21
15718	21
16506	21
16955	21
17249	21
17266	21
17939	21
18397	21
18447	21
19955	21
19980	21
20174	21
21587	21
21832	21
22336	21
22502	21
23708	21
24101	21
24110	21
24160	21
24385	21
24559	21
24814	21
25354	21
25541	21
183	22
864	22
1311	22
1321	22
1430	22
1685	22
1877	22
2042	22
2075	22
3683	22
3845	22
3873	22
3983	22
4032	22
4182	22
4433	22
4673	22
4952	22
5125	22
5194	22
5415	22
6703	22
6748	22
7625	22
8134	22
9946	22
10352	22
10439	22
11495	22
11899	22
12687	22
12803	22
13999	22
14664	22
15596	22
15880	22
16065	22
16101	22
16159	22
16213	22
16335	22
16963	22
16967	22
17592	22
17843	22
17859	22
18920	22
19078	22
19167	22
19387	22
19710	22
20014	22
20066	22
20383	22
20650	22
21075	22
21089	22
21156	22
21727	22
23163	22
23225	22
23409	22
24870	22
24	23
482	23
939	23
1834	23
2309	23
2826	23
3411	23
3826	23
3858	23
4211	23
4428	23
5056	23
5392	23
5934	23
6317	23
6532	23
7104	23
7541	23
8206	23
8553	23
8857	23
9392	23
9649	23
9763	23
10871	23
11522	23
11670	23
11876	23
12235	23
12369	23
12865	23
13498	23
13664	23
14037	23
15066	23
15664	23
15774	23
16469	23
16940	23
17294	23
17626	23
17665	23
17688	23
17808	23
19111	23
19517	23
19613	23
20424	23
21391	23
22105	23
22129	23
22239	23
22487	23
22989	23
23161	23
23216	23
24121	23
24252	23
24734	23
25378	23
25387	23
25891	23
25962	23
165	24
267	24
293	24
321	24
628	24
751	24
884	24
938	24
1962	24
2526	24
3804	24
4033	24
4293	24
5087	24
5202	24
5469	24
5575	24
5825	24
6039	24
6073	24
6176	24
6303	24
6364	24
6494	24
6556	24
6632	24
6835	24
6857	24
7853	24
8301	24
8386	24
8593	24
9391	24
9413	24
10183	24
10186	24
10966	24
11602	24
12187	24
13153	24
13641	24
14345	24
14854	24
14976	24
15161	24
16624	24
17194	24
17800	24
18622	24
19059	24
20616	24
20782	24
20940	24
20949	24
21814	24
21853	24
23730	24
24240	24
24489	24
24699	24
24781	24
25304	24
27	25
2074	25
2081	25
2202	25
2350	25
2385	25
2664	25
2771	25
2936	25
5107	25
5116	25
5417	25
5636	25
5655	25
7094	25
7504	25
9103	25
9829	25
10354	25
10895	25
10956	25
10996	25
11114	25
12212	25
13352	25
13528	25
13619	25
14067	25
14628	25
15206	25
15657	25
15715	25
16162	25
16177	25
16475	25
17233	25
17988	25
18158	25
18585	25
18586	25
18905	25
19080	25
19081	25
20086	25
20427	25
20513	25
20783	25
21100	25
21293	25
21317	25
21563	25
21772	25
22426	25
22574	25
22746	25
24271	25
24726	25
25405	25
25540	25
25565	25
25872	25
197	26
1343	26
1425	26
2556	26
2883	26
2950	26
3207	26
3243	26
3631	26
4015	26
4724	26
5136	26
5227	26
5359	26
6390	26
6832	26
7105	26
7125	26
7510	26
7801	26
8299	26
8851	26
9504	26
10000	26
13556	26
13684	26
14089	26
14485	26
15416	26
15552	26
16349	26
16607	26
17337	26
17543	26
17778	26
17979	26
18001	26
18237	26
18283	26
19219	26
19301	26
19557	26
20683	26
21544	26
21634	26
21699	26
22177	26
22436	26
22758	26
24589	26
25114	26
25189	26
25215	26
25286	26
25382	26
25419	26
25480	26
25668	26
25988	26
26	27
70	27
123	27
491	27
1025	27
1026	27
1407	27
1696	27
1818	27
2805	27
3679	27
3681	27
3980	27
3999	27
4023	27
4249	27
4550	27
4552	27
4640	27
4702	27
4727	27
5739	27
7126	27
7386	27
7882	27
8211	27
9419	27
11801	27
12373	27
12665	27
13096	27
13328	27
13740	27
13970	27
14128	27
15197	27
15559	27
16962	27
17039	27
17082	27
17308	27
18195	27
18215	27
19248	27
19784	27
20059	27
20647	27
21588	27
22028	27
22394	27
22476	27
23240	27
23454	27
24113	27
25006	27
25486	27
400	28
715	28
834	28
1896	28
2003	28
2072	28
2490	28
3684	28
4263	28
4379	28
5360	28
5395	28
5445	28
5570	28
6506	28
6541	28
6859	28
6905	28
7071	28
7829	28
8195	28
8216	28
8471	28
8973	28
9037	28
11102	28
11141	28
11227	28
11447	28
13483	28
14498	28
14600	28
14711	28
15258	28
15951	28
16042	28
16554	28
17502	28
17740	28
17999	28
18282	28
18314	28
18370	28
19101	28
19447	28
19544	28
19739	28
20434	28
20568	28
21811	28
22278	28
22645	28
23138	28
23623	28
25220	28
75	29
95	29
449	29
500	29
882	29
1174	29
1405	29
1498	29
2085	29
2143	29
2568	29
2712	29
3033	29
3048	29
3099	29
3511	29
3547	29
4468	29
4631	29
5838	29
7091	29
8476	29
8807	29
9441	29
9892	29
10358	29
10388	29
10458	29
10539	29
10615	29
11011	29
11109	29
12074	29
13469	29
13971	29
14079	29
14707	29
15524	29
16754	29
17245	29
18340	29
18783	29
19612	29
20552	29
20553	29
21032	29
21177	29
21562	29
21830	29
23137	29
23355	29
24454	29
25086	29
25180	29
25785	29
320	30
1101	30
1594	30
1897	30
2607	30
3450	30
4451	30
4588	30
4774	30
4988	30
5130	30
5353	30
5477	30
5602	30
5673	30
6024	30
6838	30
9030	30
9125	30
9450	30
9983	30
12165	30
12722	30
13497	30
14496	30
15108	30
15205	30
15321	30
15382	30
15666	30
15667	30
15943	30
16717	30
17125	30
17464	30
17590	30
17854	30
18042	30
19093	30
19603	30
20003	30
20184	30
20303	30
21031	30
21315	30
21718	30
22290	30
22770	30
24330	30
244	31
450	31
1353	31
2115	31
2797	31
3185	31
3286	31
3752	31
4650	31
4756	31
4765	31
6280	31
7011	31
7857	31
8666	31
8702	31
9241	31
9314	31
10081	31
10456	31
11923	31
11968	31
12291	31
12709	31
13291	31
13292	31
13320	31
14952	31
15200	31
15478	31
15971	31
16227	31
16900	31
17297	31
17861	31
18030	31
18159	31
18658	31
18667	31
20547	31
20792	31
22246	31
23477	31
24174	31
24203	31
25219	31
26013	31
26157	31
22	32
62	32
106	32
260	32
811	32
1327	32
1561	32
2710	32
2851	32
4242	32
4484	32
5794	32
5807	32
6738	32
7025	32
8222	32
8458	32
8787	32
9659	32
9964	32
10601	32
10825	32
11183	32
11401	32
11416	32
13026	32
13205	32
13989	32
14009	32
15301	32
15793	32
17021	32
19440	32
19903	32
20315	32
21495	32
21543	32
22379	32
23485	32
23751	32
24490	32
25469	32
25661	32
25863	32
26023	32
26051	32
26100	32
639	33
733	33
880	33
1857	33
1941	33
2752	33
3171	33
3967	33
4241	33
5672	33
6941	33
7015	33
7350	33
7824	33
8378	33
8815	33
9647	33
10055	33
10850	33
12053	33
12065	33
12852	33
13604	33
14558	33
15127	33
15306	33
15400	33
15846	33
16333	33
17268	33
17754	33
18524	33
19149	33
19233	33
19297	33
20597	33
22528	33
22832	33
23714	33
25102	33
25674	33
1293	34
1668	34
2621	34
2623	34
3283	34
3812	34
3820	34
3824	34
4834	34
4835	34
5131	34
6222	34
6456	34
6525	34
6868	34
7525	34
7650	34
8448	34
9433	34
12802	34
13482	34
13526	34
14157	34
14373	34
15148	34
17600	34
17819	34
17823	34
17824	34
18000	34
18444	34
19443	34
22324	34
22901	34
23492	34
24474	34
24479	34
24615	34
24708	34
26039	34
199	35
820	35
1959	35
2316	35
2511	35
2515	35
3953	35
4000	35
8969	35
9514	35
9723	35
10986	35
11822	35
11929	35
11939	35
12121	35
13034	35
13196	35
13318	35
13355	35
13702	35
13749	35
14051	35
14414	35
15568	35
16935	35
17163	35
17874	35
18152	35
18271	35
19978	35
21016	35
21169	35
21910	35
22119	35
22618	35
22954	35
25043	35
25829	35
25849	35
4960	36
5408	36
6810	36
6963	36
7452	36
7584	36
7769	36
8374	36
9732	36
10039	36
11572	36
11964	36
12049	36
12763	36
13636	36
14346	36
15977	36
16347	36
16694	36
16696	36
17118	36
17382	36
17465	36
17739	36
18065	36
18097	36
19244	36
19340	36
19605	36
19609	36
19865	36
21630	36
23107	36
23989	36
392	37
2485	37
3173	37
3593	37
3853	37
3927	37
3937	37
4638	37
4775	37
5218	37
5230	37
7095	37
7601	37
8710	37
8718	37
9138	37
9522	37
11468	37
11470	37
12498	37
12691	37
14265	37
15251	37
16261	37
17156	37
17804	37
19525	37
20229	37
20230	37
20432	37
21866	37
22483	37
23721	37
23909	37
232	38
1075	38
2532	38
3561	38
4195	38
4380	38
5361	38
5411	38
5503	38
5843	38
7007	38
7069	38
8231	38
8737	38
9098	38
10390	38
11186	38
11213	38
11878	38
12587	38
13481	38
13862	38
14638	38
15365	38
16742	38
16756	38
16931	38
18557	38
21101	38
22371	38
24402	38
24587	38
25877	38
114	39
369	39
1029	39
1045	39
2073	39
2348	39
3819	39
4290	39
5166	39
5287	39
5597	39
5601	39
6183	39
6265	39
6631	39
7727	39
8200	39
8854	39
9066	39
11113	39
12302	39
14308	39
16433	39
16570	39
17273	39
20787	39
21017	39
21723	39
22722	39
23064	39
23836	39
23841	39
25050	39
93	40
113	40
2155	40
3383	40
3964	40
4018	40
4103	40
5078	40
6291	40
9128	40
9414	40
10346	40
10684	40
12312	40
12640	40
12787	40
13346	40
15687	40
16608	40
17187	40
17343	40
17419	40
17994	40
18066	40
19143	40
19383	40
20122	40
20328	40
20947	40
21621	40
24877	40
25172	40
26021	40
81	41
2190	41
3990	41
4080	41
4081	41
4275	41
5542	41
6172	41
8592	41
8732	41
10022	41
11861	41
13625	41
14746	41
14747	41
14933	41
15166	41
16659	41
17463	41
17878	41
18904	41
19324	41
19464	41
20000	41
20613	41
21550	41
22377	41
23968	41
24220	41
24471	41
25179	41
25553	41
25554	41
1014	42
2169	42
4143	42
4847	42
5209	42
5717	42
5938	42
6808	42
7090	42
7802	42
10842	42
11293	42
11792	42
12112	42
12478	42
12739	42
13388	42
13647	42
16831	42
17127	42
17440	42
19150	42
19457	42
20554	42
21777	42
22108	42
23555	42
25057	42
25125	42
25718	42
25902	42
1356	43
1727	43
2239	43
4125	43
6626	43
6667	43
6825	43
6878	43
10351	43
10805	43
10896	43
10912	43
11528	43
11638	43
14123	43
16258	43
16676	43
19450	43
19783	43
20915	43
21194	43
21705	43
21927	43
22244	43
22836	43
22848	43
22894	43
25069	43
25628	43
2614	44
4319	44
4376	44
4624	44
5255	44
5355	44
5485	44
6863	44
7449	44
9712	44
10801	44
11617	44
11902	44
12758	44
15770	44
18246	44
19146	44
20934	44
21029	44
21322	44
22023	44
22265	44
22699	44
23099	44
23622	44
23870	44
25209	44
25229	44
1497	45
1915	45
2342	45
2516	45
2630	45
6724	45
7563	45
10923	45
11583	45
11812	45
11821	45
11944	45
15186	45
16013	45
16368	45
16429	45
16890	45
17392	45
18088	45
18217	45
19964	45
21469	45
21998	45
23503	45
24248	45
25571	45
25784	45
26173	45
1028	46
1104	46
1699	46
2303	46
5427	46
7811	46
7878	46
8335	46
8541	46
9924	46
11231	46
11898	46
12262	46
13322	46
13529	46
17575	46
17683	46
17923	46
18122	46
18619	46
18751	46
18771	46
19683	46
21558	46
22744	46
24593	46
25875	46
727	47
2287	47
2622	47
4472	47
5052	47
5634	47
5740	47
6375	47
6376	47
8457	47
10235	47
10519	47
12860	47
16568	47
17850	47
18235	47
18549	47
18580	47
18623	47
20217	47
20620	47
21707	47
23297	47
24620	47
24731	47
25271	47
25436	47
4781	48
5519	48
5730	48
6081	48
6919	48
7154	48
8441	48
12927	48
15252	48
16070	48
16087	48
17818	48
19358	48
19434	48
19697	48
19781	48
19927	48
20260	48
21289	48
23219	48
23429	48
23616	48
23809	48
23944	48
24499	48
26167	48
1153	49
1765	49
2451	49
4148	49
4183	49
6010	49
8087	49
9862	49
9863	49
12370	49
13711	49
15081	49
15523	49
16834	49
16853	49
16899	49
17339	49
17501	49
19711	49
20248	49
20307	49
21199	49
22299	49
22309	49
22620	49
23135	49
495	50
1854	50
2655	50
2742	50
2846	50
3875	50
3965	50
4037	50
4583	50
5622	50
7855	50
8398	50
8928	50
9327	50
9458	50
9867	50
10310	50
10468	50
14982	50
17968	50
18375	50
19084	50
20008	50
24372	50
25663	50
25866	50
128	51
214	51
3113	51
3851	51
4353	51
4372	51
6558	51
6920	51
8198	51
8312	51
10765	51
10880	51
11621	51
13010	51
14865	51
15941	51
16598	51
16877	51
17394	51
17538	51
18924	51
19161	51
21831	51
22728	51
25112	51
25978	51
65	52
312	52
357	52
358	52
2340	52
2443	52
3066	52
6918	52
7991	52
8116	52
8184	52
8625	52
9993	52
11609	52
13369	52
14369	52
15395	52
16545	52
16906	52
16946	52
17583	52
21149	52
23051	52
23300	52
24960	52
25977	52
941	53
1782	53
1796	53
3386	53
4555	53
6076	53
7311	53
8629	53
10726	53
12615	53
13521	53
13712	53
13990	53
15163	53
15357	53
16482	53
16483	53
16727	53
17731	53
18784	53
18913	53
22321	53
23151	53
23383	53
25442	53
2144	54
2774	54
3055	54
3652	54
3655	54
3766	54
3814	54
6388	54
6583	54
7096	54
9249	54
12051	54
12423	54
12885	54
14808	54
15173	54
15189	54
15999	54
18942	54
19705	54
20250	54
21030	54
21825	54
25108	54
2536	55
2770	55
2870	55
3188	55
5830	55
6806	55
9207	55
9432	55
10467	55
10991	55
12654	55
13175	55
14033	55
16041	55
19924	55
20391	55
20892	55
21816	55
22555	55
24753	55
25383	55
25870	55
1124	56
1267	56
1279	56
1511	56
1787	56
1855	56
2009	56
2527	56
5057	56
6482	56
8403	56
13056	56
14550	56
14834	56
15571	56
18102	56
18278	56
19791	56
20772	56
22100	56
23248	56
26193	56
1078	57
1662	57
2613	57
3516	57
4642	57
5164	57
7053	57
7899	57
9387	57
11640	57
12618	57
13144	57
15413	57
16708	57
17116	57
18109	57
18365	57
18634	57
19703	57
19741	57
22149	57
23306	57
2559	58
3849	58
3988	58
5225	58
5543	58
7010	58
7093	58
7506	58
8000	58
8728	58
9312	58
16348	58
17395	58
18582	58
19247	58
20781	58
21771	58
22375	58
23419	58
24097	58
238	59
778	59
1048	59
1278	59
3119	59
4793	59
6218	59
8442	59
10412	59
15125	59
15516	59
16543	59
16553	59
16563	59
16565	59
16743	59
19004	59
22235	59
22798	59
22964	59
2879	60
3136	60
4875	60
5862	60
7638	60
7648	60
7854	60
7885	60
9248	60
9758	60
10476	60
11108	60
11284	60
11844	60
13966	60
17006	60
19551	60
19642	60
22190	60
546	61
1793	61
3948	61
4013	61
5481	61
5483	61
8641	61
8786	61
10878	61
14078	61
16640	61
17990	61
18455	61
18884	61
19922	61
22727	61
23855	61
25516	61
26020	61
1675	62
2142	62
2512	62
3058	62
9511	62
10427	62
11815	62
11979	62
12101	62
13283	62
16800	62
20902	62
20924	62
23420	62
23858	62
24601	62
832	63
3387	63
4703	63
7447	63
9764	63
10117	63
14340	63
14370	63
15006	63
16231	63
16590	63
16730	63
19957	63
21848	63
22320	63
22423	63
1608	64
2356	64
2773	64
4525	64
5060	64
5661	64
6337	64
6529	64
6543	64
8511	64
16486	64
18105	64
20030	64
20660	64
24341	64
8925	65
9264	65
10640	65
11631	65
12614	65
15247	65
15495	65
16505	65
17426	65
20255	65
21450	65
23786	65
24970	65
25534	65
396	66
855	66
1822	66
3743	66
3773	66
4261	66
4469	66
6503	66
7098	66
7772	66
12642	66
12887	66
21184	66
21695	66
364	67
3292	67
7573	67
8193	67
10391	67
11841	67
15214	67
16056	67
16576	67
16889	67
18521	67
21650	67
23901	67
25316	67
309	68
2136	68
2186	68
6012	68
9591	68
10677	68
11030	68
13704	68
17015	68
17453	68
20560	68
21314	68
23946	68
25611	68
5240	69
7088	69
7546	69
8074	69
9074	69
12425	69
14541	69
17114	69
18275	69
18366	69
20489	69
20636	69
25217	69
1833	70
4467	70
4819	70
5731	70
6316	70
7863	70
8177	70
8596	70
12107	70
13635	70
17235	70
17848	70
1549	71
5478	71
5738	71
6538	71
8349	71
12042	71
16040	71
17252	71
18142	71
22766	71
23168	71
24732	71
2997	72
6888	72
8449	72
11664	72
13490	72
19528	72
20089	72
22577	72
24412	72
25358	72
25440	72
915	73
1613	73
10438	73
13422	73
13992	73
15217	73
15665	73
16154	73
18624	73
20558	73
21159	73
4633	74
6355	74
7194	74
7542	74
11593	74
15322	74
16818	74
18415	74
20960	74
23648	74
1044	75
5809	75
6943	75
8774	75
9485	75
10435	75
14698	75
16123	75
21823	75
22748	75
4495	76
6350	76
8372	76
11823	76
13628	76
15246	76
16014	76
20332	76
23710	76
3878	77
10062	77
12406	77
16102	77
16270	77
16584	77
17956	77
20375	77
22463	77
3750	78
8147	78
11616	78
14149	78
14662	78
16648	78
19560	78
22199	78
23530	78
1600	79
14020	79
15905	79
18379	79
21635	79
21658	79
21663	79
22203	79
23490	79
1254	80
2080	80
3982	80
4069	80
5385	80
10446	80
12678	80
18723	80
21090	80
11009	81
11721	81
12151	81
15221	81
20157	81
21344	81
22990	81
23471	81
8263	82
12046	82
14135	82
17724	82
17882	82
19126	82
25957	82
25958	82
4265	83
4656	83
5267	83
5271	83
7597	83
18196	83
23303	83
24841	83
3388	84
3818	84
6735	84
13325	84
14502	84
15899	84
20926	84
23167	84
3102	85
12414	85
14431	85
18562	85
20537	85
20543	85
21339	85
24439	85
1981	86
5468	86
5668	86
6908	86
8187	86
18034	86
19879	86
25444	86
1281	87
3653	87
10163	87
12551	87
17588	87
18621	87
24207	87
25287	87
8669	88
9038	88
12213	88
13558	88
21710	88
22318	88
24888	88
7523	89
10338	89
12458	89
12460	89
14844	89
16651	89
19378	89
5156	90
7483	90
10904	90
11035	90
12707	90
14282	90
17933	90
3297	91
5667	91
14770	91
17936	91
21713	91
23461	91
25470	91
2329	92
8071	92
17178	92
19712	92
21024	92
23215	92
24846	92
2247	93
4958	93
5973	93
9606	93
10884	93
12122	93
16353	93
2215	94
2222	94
10792	94
15695	94
20379	94
20422	94
21309	94
2118	95
4199	95
6443	95
19932	95
19936	95
25864	95
26132	95
284	96
6427	96
16835	96
18677	96
21696	96
25854	96
25940	96
19314	97
19880	97
25496	97
25543	97
26019	97
26048	97
12387	98
19520	98
19931	98
23084	98
23553	98
23554	98
6534	99
9579	99
11561	99
16932	99
19451	99
22381	99
4051	100
11879	100
21187	100
21310	100
21313	100
26092	100
4034	101
8512	101
9715	101
9717	101
25492	101
25511	101
2784	102
5425	102
16109	102
16224	102
21808	102
24161	102
2754	103
5511	103
7265	103
7479	103
10056	103
13390	103
2116	104
9189	104
9765	104
9774	104
12034	104
17935	104
1825	105
6226	105
13470	105
14317	105
19140	105
20775	105
1552	106
2054	106
8719	106
9760	106
10355	106
13741	106
1383	107
1660	107
3377	107
23068	107
25631	107
25678	107
1289	108
1560	108
4365	108
8530	108
10906	108
21144	108
376	109
1908	109
2611	109
16620	109
16621	109
17173	109
21684	110
21821	110
22719	110
22720	110
24169	110
15171	111
15305	111
17864	111
21195	111
23417	111
9832	112
11279	112
17750	112
22976	112
25609	112
8443	113
15248	113
17076	113
17595	113
19018	113
8153	114
15182	114
16728	114
22319	114
23424	114
5960	115
8705	115
11662	115
14094	115
19014	115
5212	116
6628	116
19015	116
19444	116
25139	116
4777	117
15396	117
18238	117
19064	117
26180	117
2984	118
8731	118
8970	118
10564	118
15187	118
2785	119
3682	119
17280	119
19956	119
24597	119
2409	120
3522	120
4286	120
4288	120
18970	120
2043	121
2455	121
6315	121
14353	121
14886	121
1989	122
4106	122
7515	122
17782	122
18231	122
1656	123
4040	123
5828	123
11842	123
21531	123
1378	124
3852	124
7877	124
11622	124
15422	124
1154	125
8704	125
12017	125
12930	125
17591	125
782	126
11539	126
15227	126
16655	126
18151	126
97	127
161	127
3105	127
11418	127
19583	127
15668	128
17293	128
25614	128
26006	128
15583	129
17785	129
18628	129
24272	129
12689	130
17560	130
21697	130
25116	130
11120	131
16340	131
17851	131
20233	131
10936	132
19509	132
19510	132
23687	132
9224	133
10154	133
11410	133
16830	133
8739	134
13357	134
25115	134
25852	134
8738	135
13031	135
13334	135
13620	135
8538	136
18669	136
19866	136
25545	136
8428	137
10637	137
18603	137
21340	137
8308	138
8557	138
21288	138
26191	138
7958	139
14543	139
21221	139
25130	139
7632	140
11427	140
14170	140
20414	140
6075	141
13932	141
14499	141
20345	141
5571	142
13802	142
16823	142
19553	142
5466	143
12801	143
15641	143
19548	143
5211	144
11028	144
21171	144
22730	144
5144	145
8869	145
14159	145
24852	145
4685	146
15415	146
24152	146
24640	146
4630	147
9921	147
10672	147
12512	147
4128	148
13202	148
16703	148
22253	148
2506	149
9962	149
10682	149
22428	149
1556	150
11965	150
14096	150
23154	150
1292	151
6648	151
10341	151
14840	151
717	152
4276	152
17865	152
24159	152
360	153
2304	153
7602	153
8307	153
142	154
12113	154
16886	154
18626	154
115	155
5268	155
8671	155
10679	155
28	156
7916	156
21515	156
21523	156
13	157
7596	157
11196	157
19170	157
21206	158
23175	158
25662	158
20150	159
22312	159
25226	159
16124	160
20807	160
24334	160
15642	161
16783	161
17563	161
15358	162
18036	162
18338	162
15259	163
22000	163
25136	163
14339	164
18608	164
22816	164
13677	165
18288	165
23206	165
12320	166
12321	166
19222	166
12307	167
14175	167
22980	167
12290	168
17307	168
20031	168
11566	169
11808	169
18560	169
11216	170
13815	170
19598	170
10818	171
11016	171
25596	171
10513	172
25059	172
25595	172
10115	173
10134	173
23916	173
9994	174
17276	174
18383	174
9871	175
17179	175
24816	175
9630	176
10252	176
16820	176
9618	177
11285	177
12193	177
9149	178
17346	178
20319	178
9026	179
12252	179
22404	179
8891	180
11893	180
25667	180
8395	181
8725	181
11054	181
8255	182
14842	182
24575	182
7718	183
19502	183
23970	183
7585	184
13415	184
15386	184
7543	185
19466	185
24128	185
7482	186
15681	186
20793	186
7477	187
19257	187
22961	187
7267	188
7280	188
20309	188
6389	189
6914	189
18279	189
6356	190
20803	190
25231	190
6229	191
6423	191
7647	191
6170	192
8881	192
16609	192
6159	193
19554	193
24878	193
6037	194
12617	194
17388	194
6008	195
9959	195
20914	195
5839	196
7026	196
12192	196
5774	197
10432	197
16891	197
5545	198
6709	198
18003	198
5446	199
5632	199
20433	199
5432	200
12676	200
14302	200
5256	201
5257	201
22827	201
5232	202
14845	202
19521	202
5228	203
16971	203
20170	203
5083	204
5084	204
8711	204
5081	205
12256	205
17237	205
5059	206
13485	206
21530	206
4485	207
12616	207
16266	207
4259	208
13486	208
18688	208
4252	209
23856	209
24451	209
4144	210
18596	210
23771	210
4110	211
16523	211
17696	211
4038	212
7058	212
23811	212
4021	213
4826	213
26022	213
4019	214
5626	214
24957	214
4017	215
7888	215
17291	215
3744	216
10178	216
24133	216
3347	217
3362	217
16957	217
3239	218
11465	218
11577	218
3206	219
6535	219
6579	219
3200	220
4264	220
17468	220
3199	221
12798	221
19507	221
3062	222
16892	222
19572	222
2666	223
10872	223
24250	223
2656	224
14560	224
24251	224
2355	225
7861	225
12704	225
2334	226
10180	226
17587	226
2332	227
18544	227
21596	227
2259	228
10317	228
11816	228
2223	229
4266	229
20216	229
2201	230
14868	230
16226	230
1983	231
13012	231
20943	231
1969	232
8472	232
24141	232
1967	233
11969	233
18996	233
1916	234
20953	234
24463	234
1878	235
12338	235
15800	235
1798	236
4828	236
5404	236
1670	237
14894	237
22927	237
1669	238
5260	238
12703	238
1621	239
6576	239
7109	239
1551	240
2328	240
8058	240
1092	241
3196	241
23226	241
1051	242
4245	242
25664	242
1013	243
2123	243
19011	243
844	244
890	244
11197	244
830	245
16802	245
23757	245
822	246
9518	246
16358	246
800	247
13167	247
15485	247
787	248
12940	248
20883	248
374	249
15706	249
20776	249
350	250
951	250
25676	250
348	251
5660	251
15847	251
188	252
17461	252
22920	252
187	253
1821	253
21386	253
85	254
5413	254
18171	254
74	255
2298	255
16129	255
23480	256
23652	256
21623	257
22605	257
21593	258
22325	258
20707	259
24820	259
20084	260
22311	260
19911	261
25487	261
19906	262
26102	262
19473	263
23812	263
19145	264
23760	264
18908	265
25531	265
18417	266
19892	266
18388	267
20654	267
18194	268
21949	268
17470	269
19221	269
16922	270
20925	270
16643	271
20035	271
16622	272
18454	272
16470	273
17822	273
16338	274
21390	274
16312	275
16314	275
16281	276
24728	276
16015	277
22938	277
15962	278
25447	278
15824	279
22283	279
15712	280
19596	280
15688	281
22692	281
15609	282
21809	282
15423	283
18144	283
15387	284
15388	284
15374	285
15553	285
15249	286
15624	286
15218	287
17585	287
15208	288
23759	288
14990	289
25975	289
14771	290
24127	290
14338	291
22729	291
14182	292
17537	292
14132	293
15154	293
13621	294
25388	294
12863	295
18390	295
12161	296
19162	296
12041	297
14384	297
11971	298
25211	298
11718	299
20766	299
11642	300
25230	300
11641	301
24462	301
11623	302
23621	302
11579	303
15073	303
11467	304
19575	304
11462	305
17141	305
11411	306
24242	306
11215	307
23156	307
10676	308
24961	308
10602	309
20805	309
10559	310
18245	310
10522	311
10561	311
10382	312
25482	312
10356	313
19062	313
10148	314
10847	314
10133	315
18218	315
9831	316
12473	316
9211	317
13413	317
9130	318
25095	318
9094	319
19061	319
9053	320
12504	320
9039	321
11911	321
8811	322
22021	322
8735	323
25062	323
8717	324
10638	324
8708	325
23776	325
8558	326
13717	326
8534	327
8676	327
8404	328
25853	328
8336	329
24464	329
8302	330
16484	330
8146	331
21028	331
8077	332
13022	332
8054	333
24504	333
7957	334
18895	334
7807	335
11828	335
7713	336
19052	336
7636	337
12554	337
7588	338
7590	338
7534	339
7536	339
7468	340
10002	340
7356	341
15572	341
6776	342
24733	342
6744	343
9595	343
6706	344
11459	344
6701	345
10407	345
6669	346
9865	346
6446	347
8036	347
6354	348
15188	348
6307	349
12751	349
6161	350
7055	350
6079	351
19941	351
6072	352
8887	352
5814	353
17690	353
5697	354
14358	354
5577	355
23881	355
5548	356
10897	356
5492	357
5853	357
5490	358
8474	358
5486	359
8366	359
5479	360
21018	360
5409	361
8623	361
5406	362
22435	362
5387	363
18156	363
5364	364
12050	364
5261	365
6282	365
5231	366
22110	366
5137	367
6884	367
5119	368
10517	368
4954	369
4955	369
4643	370
20320	370
4432	371
14763	371
4278	372
18183	372
4262	373
20333	373
4254	374
9337	374
4196	375
15401	375
4186	376
13675	376
4181	377
17992	377
4116	378
24214	378
3989	379
17471	379
3748	380
17503	380
3599	381
14130	381
3279	382
25510	382
3195	383
19252	383
3186	384
11991	384
3100	385
18098	385
3074	386
23416	386
3067	387
18721	387
2981	388
4427	388
2938	389
18581	389
2762	390
22378	390
2624	391
24202	391
2593	392
10433	392
2569	393
5546	393
2561	394
23094	394
2557	395
4272	395
2476	396
18984	396
2339	397
24594	397
2331	398
15181	398
2248	399
8409	399
2120	400
8157	400
2119	401
7637	401
2117	402
6300	402
2004	403
21191	403
1976	404
23672	404
1836	405
8400	405
1695	406
19380	406
1589	407
7603	407
1490	408
20813	408
1376	409
4267	409
1346	410
6448	410
1344	411
18126	411
1194	412
21858	412
1187	413
6290	413
1107	414
6973	414
1050	415
17120	415
1010	416
2749	416
925	417
8615	417
833	418
17951	418
831	419
11280	419
735	420
23772	420
734	421
21303	421
598	422
23465	422
410	423
4366	423
373	424
21579	424
372	425
14131	425
294	426
8626	426
254	427
7572	427
194	428
8628	428
98	429
12248	429
82	430
3844	430
25	431
22891	431
14	432
14171	432
12295	433
